0.000000000000000000e+00 1.007589641143310066e+00
1.642467643387425253e-04 1.036230096251870236e+00
3.284935286774850506e-04 9.983470442992362637e-01
4.927402930162275759e-04 9.834196616068326957e-01
6.569870573549701012e-04 9.746731898874858580e-01
8.212338216937126265e-04 9.988403210513553399e-01
9.854805860324551518e-04 9.910323956189223127e-01
1.149727350371197677e-03 1.040200185785999931e+00
1.313974114709940202e-03 1.035397248413539417e+00
1.478220879048682728e-03 9.793125434415280717e-01
1.642467643387425253e-03 9.857847979290164098e-01
1.806714407726167778e-03 1.001475402157737671e+00
1.970961172064910304e-03 1.027944528451175232e+00
2.135207936403652612e-03 1.001140262727421071e+00
2.299454700742395354e-03 9.870551872402391069e-01
2.463701465081138096e-03 9.988223638019455564e-01
2.627948229419880405e-03 9.874303027220791007e-01
2.792194993758622713e-03 1.012049544188789563e+00
2.956441758097365455e-03 9.858193257667059450e-01
3.120688522436108198e-03 9.897912789514606846e-01
3.284935286774850506e-03 1.023238676269121905e+00
3.449182051113592815e-03 9.846327010537185842e-01
3.613428815452335557e-03 9.710774393487967560e-01
3.777675579791078299e-03 1.001899875027126186e+00
3.941922344129820607e-03 9.927905319159080477e-01
4.106169108468562916e-03 1.010228310018599140e+00
4.270415872807305224e-03 1.006349438694621901e+00
4.434662637146048400e-03 9.993616301071327479e-01
4.598909401484790709e-03 9.987791314906000473e-01
4.763156165823533017e-03 9.852828310135433032e-01
4.927402930162276193e-03 1.001666941419864898e+00
5.091649694501018501e-03 1.017625695628655347e+00
5.255896458839760810e-03 9.805310651720104964e-01
5.420143223178503118e-03 9.998920524727693548e-01
5.584389987517245427e-03 1.020767775114692189e+00
5.748636751855988603e-03 1.010108481864333996e+00
5.912883516194730911e-03 1.026189457927014326e+00
6.077130280533473219e-03 9.886371534033132624e-01
6.241377044872216395e-03 9.633846310321027007e-01
6.405623809210958704e-03 1.004013036079113741e+00
6.569870573549701012e-03 1.007251416300529723e+00
6.734117337888443321e-03 1.027368439089453522e+00
6.898364102227185629e-03 1.023762914694139603e+00
7.062610866565928805e-03 1.010734872460249179e+00
7.226857630904671113e-03 1.015307804283408721e+00
7.391104395243413422e-03 9.961635708358672625e-01
7.555351159582156598e-03 9.756177077736156722e-01
7.719597923920898906e-03 1.002354424347618123e+00
7.883844688259641215e-03 1.019651469272555566e+00
8.048091452598384390e-03 1.013127217396571078e+00
8.212338216937125832e-03 1.016676146783187296e+00
8.376584981275869007e-03 9.914448862590649059e-01
8.540831745614610448e-03 9.946890632396315768e-01
8.705078509953353624e-03 1.009668509762292166e+00
8.869325274292096800e-03 9.890698521098248985e-01
9.033572038630838241e-03 9.896856586013399459e-01
9.197818802969581417e-03 1.005959644727548952e+00
9.362065567308324593e-03 1.015218094863138187e+00
9.526312331647066034e-03 9.960094265334118457e-01
9.690559095985809210e-03 9.767362107789272496e-01
9.854805860324552386e-03 9.852839216991433613e-01
1.001905262466329383e-02 1.004073441697862057e+00
1.018329938900203700e-02 1.003830419277319308e+00
1.034754615334077844e-02 1.004824762753107059e+00
1.051179291767952162e-02 1.010425905811915159e+00
1.067603968201826480e-02 1.000116211170849034e+00
1.084028644635700624e-02 1.005301120896806344e+00
1.100453321069574941e-02 9.990994635434227167e-01
1.116877997503449085e-02 1.022974669658588853e+00
1.133302673937323403e-02 1.028646840624350078e+00
1.149727350371197721e-02 9.762197743523992610e-01
1.166152026805071865e-02 9.948949611579549490e-01
1.182576703238946182e-02 1.000654489830814065e+00
1.199001379672820500e-02 9.946617057597135769e-01
1.215426056106694644e-02 1.035858451826617399e+00
1.231850732540568961e-02 1.004479105561794761e+00
1.248275408974443279e-02 9.838925634589931191e-01
1.264700085408317423e-02 1.011928846791213310e+00
1.281124761842191741e-02 1.005419490776923830e+00
1.297549438276065885e-02 1.006083858391068508e+00
1.313974114709940202e-02 1.036157523175983863e+00
1.330398791143814520e-02 1.007015703515096172e+00
1.346823467577688664e-02 9.939267695225201260e-01
1.363248144011562982e-02 9.608944714737980286e-01
1.379672820445437126e-02 9.966920196371297225e-01
1.396097496879311443e-02 1.026119398346543754e+00
1.412522173313185761e-02 9.981766176088762155e-01
1.428946849747059905e-02 9.551990020296099448e-01
1.445371526180934223e-02 9.900327521561510524e-01
1.461796202614808540e-02 1.019853770778255786e+00
1.478220879048682684e-02 1.010916343491240266e+00
1.494645555482557002e-02 9.832023820697852745e-01
1.511070231916431320e-02 9.886943044720183371e-01
1.527494908350305464e-02 9.917858268179516879e-01
1.543919584784179781e-02 9.867457245627413442e-01
1.560344261218053925e-02 9.594065226452083150e-01
1.576768937651928243e-02 1.015271822012397074e+00
1.593193614085802387e-02 1.025141199133781766e+00
1.609618290519676878e-02 9.696310211207052054e-01
1.626042966953551022e-02 1.024877058651726180e+00
1.642467643387425166e-02 9.979395359720556469e-01
1.658892319821299657e-02 1.024502646963357577e+00
1.675316996255173801e-02 1.000759008725808918e+00
1.691741672689047946e-02 1.002710891843172636e+00
1.708166349122922090e-02 1.007448692939644230e+00
1.724591025556796581e-02 9.841986734972943962e-01
1.741015701990670725e-02 1.023893482886560458e+00
1.757440378424544869e-02 9.775723872385042590e-01
1.773865054858419360e-02 9.919586651096665708e-01
1.790289731292293504e-02 1.010485293552863428e+00
1.806714407726167648e-02 9.898160951902906790e-01
1.823139084160042139e-02 1.015550624816298875e+00
1.839563760593916283e-02 1.027517323463679189e+00
1.855988437027790428e-02 1.020250920021076757e+00
1.872413113461664919e-02 9.612776937264275734e-01
1.888837789895539063e-02 1.002516939392387174e+00
1.905262466329413207e-02 1.020573652213927929e+00
1.921687142763287698e-02 9.736650230635588432e-01
1.938111819197161842e-02 1.014472211744577468e+00
1.954536495631035986e-02 1.013349215632786349e+00
1.970961172064910477e-02 9.757582021612346557e-01
1.987385848498784621e-02 1.016684653314803288e+00
2.003810524932658765e-02 1.005453955870598604e+00
2.020235201366532909e-02 1.013007635774425319e+00
2.036659877800407401e-02 9.806737522846973309e-01
2.053084554234281545e-02 1.003002722327427598e+00
2.069509230668155689e-02 9.659024289173535616e-01
2.085933907102030180e-02 9.544601758493389543e-01
2.102358583535904324e-02 1.002816568530555008e+00
2.118783259969778468e-02 1.022011952135226220e+00
2.135207936403652959e-02 1.005058736285301624e+00
2.151632612837527103e-02 9.987310787211171048e-01
2.168057289271401247e-02 9.962493175989025618e-01
2.184481965705275738e-02 9.811486921711386477e-01
2.200906642139149882e-02 9.955627819240938647e-01
2.217331318573024027e-02 1.008433689365288988e+00
2.233755995006898171e-02 9.912955553439873890e-01
2.250180671440772662e-02 1.015011737076715548e+00
2.266605347874646806e-02 1.003919500677292076e+00
2.283030024308520950e-02 1.006339588355468218e+00
2.299454700742395441e-02 1.017773255071019234e+00
2.315879377176269585e-02 9.894648913469001883e-01
2.332304053610143729e-02 1.013187611723739057e+00
2.348728730044018220e-02 9.922704656549604652e-01
2.365153406477892364e-02 1.006790289676376737e+00
2.381578082911766509e-02 9.870845729872685936e-01
2.398002759345641000e-02 9.817859235387053074e-01
2.414427435779515144e-02 1.001837294912969911e+00
2.430852112213389288e-02 9.622959989595776253e-01
2.447276788647263779e-02 9.940746511298224064e-01
2.463701465081137923e-02 9.678724598878163388e-01
2.480126141515012067e-02 1.015584680686272057e+00
2.496550817948886558e-02 1.021002211922178216e+00
2.512975494382760702e-02 9.827209755715838879e-01
2.529400170816634846e-02 1.008566259249469965e+00
2.545824847250508990e-02 1.017982714273749867e+00
2.562249523684383481e-02 1.018049384450035566e+00
2.578674200118257626e-02 1.004289016679432933e+00
2.595098876552131770e-02 1.014686093511230069e+00
2.611523552986006261e-02 9.870133737615925940e-01
2.627948229419880405e-02 1.001662449313134973e+00
2.644372905853754549e-02 9.906579318641869358e-01
2.660797582287629040e-02 9.853242405242967905e-01
2.677222258721503184e-02 1.000721267829399741e+00
2.693646935155377328e-02 1.006950607523173336e+00
2.710071611589251819e-02 1.023270175359119349e+00
2.726496288023125963e-02 1.005303110546008627e+00
2.742920964457000108e-02 1.012838610699280384e+00
2.759345640890874252e-02 1.013065663465068100e+00
2.775770317324748743e-02 1.053750687314065404e+00
2.792194993758622887e-02 9.637993519347273219e-01
2.808619670192497031e-02 9.862413226635385888e-01
2.825044346626371522e-02 1.029481121050211945e+00
2.841469023060245666e-02 9.929597385035906498e-01
2.857893699494119810e-02 1.017716062753055484e+00
2.874318375927994301e-02 1.004600190476768740e+00
2.890743052361868445e-02 1.042104048026497365e+00
2.907167728795742589e-02 9.777389114619733368e-01
2.923592405229617081e-02 1.024436011055385176e+00
2.940017081663491225e-02 1.034991626112855334e+00
2.956441758097365369e-02 9.797116224668385165e-01
2.972866434531239860e-02 1.015657404886922244e+00
2.989291110965114004e-02 9.806900403046658887e-01
3.005715787398988148e-02 1.000603231481720368e+00
3.022140463832862639e-02 9.948682414402475471e-01
3.038565140266736783e-02 9.519449213614634697e-01
3.054989816700610927e-02 1.008484685282955651e+00
3.071414493134485071e-02 1.002866783475758972e+00
3.087839169568359562e-02 1.029581579645109546e+00
3.104263846002233707e-02 1.012222873334463369e+00
3.120688522436107851e-02 1.045817678826138408e+00
3.137113198869981995e-02 1.002140848095443015e+00
3.153537875303856486e-02 9.978893995783646442e-01
3.169962551737730977e-02 9.963128678267121341e-01
3.186387228171604774e-02 9.912082269141208046e-01
3.202811904605479265e-02 9.558449831499095106e-01
3.219236581039353756e-02 9.955961095290558616e-01
3.235661257473227553e-02 9.586429081388809781e-01
3.252085933907102044e-02 1.009040670635606762e+00
3.268510610340976535e-02 9.751987989556457626e-01
3.284935286774850333e-02 9.821133539389491629e-01
3.301359963208724824e-02 9.866118045751429699e-01
3.317784639642599315e-02 9.959013104674566685e-01
3.334209316076473112e-02 1.000137379836474105e+00
3.350633992510347603e-02 1.021689611273536524e+00
3.367058668944222094e-02 9.884494227565475688e-01
3.383483345378095891e-02 1.009602955254769618e+00
3.399908021811970382e-02 1.054617388455314275e+00
3.416332698245844179e-02 1.007547067782459838e+00
3.432757374679718670e-02 9.963902722220369101e-01
3.449182051113593162e-02 9.844170526565825252e-01
3.465606727547466959e-02 9.961134793321430037e-01
3.482031403981341450e-02 9.822757308825276201e-01
3.498456080415215941e-02 1.005373406627365851e+00
3.514880756849089738e-02 1.002071106282989010e+00
3.531305433282964229e-02 9.567558834545271118e-01
3.547730109716838720e-02 9.996291901261349366e-01
3.564154786150712517e-02 1.021523372803502916e+00
3.580579462584587008e-02 9.920183024032552810e-01
3.597004139018461499e-02 9.869427302248154898e-01
3.613428815452335296e-02 9.724467957353242209e-01
3.629853491886209788e-02 9.628411497220685789e-01
3.646278168320084279e-02 1.016628271630139579e+00
3.662702844753958076e-02 9.963719795819768743e-01
3.679127521187832567e-02 1.015442358667610678e+00
3.695552197621707058e-02 1.030628861351924552e+00
3.711976874055580855e-02 1.018427822968715146e+00
3.728401550489455346e-02 9.891559355607283388e-01
3.744826226923329837e-02 1.002901504031794788e+00
3.761250903357203634e-02 9.877094785859318327e-01
3.777675579791078125e-02 9.858401646035355181e-01
3.794100256224952616e-02 1.006863585003547890e+00
3.810524932658826414e-02 9.833626468595288994e-01
3.826949609092700905e-02 9.558268758731329751e-01
3.843374285526575396e-02 9.822491895756536584e-01
3.859798961960449193e-02 9.938770070190047212e-01
3.876223638394323684e-02 1.030445983409533861e+00
3.892648314828198175e-02 9.902017618286843570e-01
3.909072991262071972e-02 1.010263223130076105e+00
3.925497667695946463e-02 9.966626304616630350e-01
3.941922344129820954e-02 1.024562949428023284e+00
3.958347020563694751e-02 1.023182807106052694e+00
3.974771696997569242e-02 1.023571441439988794e+00
3.991196373431443040e-02 9.653732222037102462e-01
4.007621049865317531e-02 1.004198714973527196e+00
4.024045726299192022e-02 1.015254436707780261e+00
4.040470402733065819e-02 1.007718102721925302e+00
4.056895079166940310e-02 1.012833793834039042e+00
4.073319755600814801e-02 1.001283669268613785e+00
4.089744432034688598e-02 9.852370146841290532e-01
4.106169108468563089e-02 9.662082224111115947e-01
4.122593784902437580e-02 9.872653487799640804e-01
4.139018461336311377e-02 1.053779083378036940e+00
4.155443137770185869e-02 9.905209402049347522e-01
4.171867814204060360e-02 9.610722532433120247e-01
4.188292490637934157e-02 1.014967059967468943e+00
4.204717167071808648e-02 1.017468625845944219e+00
4.221141843505683139e-02 1.026159599408130063e+00
4.237566519939556936e-02 1.009882112414239419e+00
4.253991196373431427e-02 1.017441317623341668e+00
4.270415872807305918e-02 1.037416296160831752e+00
4.286840549241179715e-02 9.857488021730121952e-01
4.303265225675054206e-02 9.818640630840870243e-01
4.319689902108928697e-02 9.789420454822320705e-01
4.336114578542802495e-02 9.956400211314474502e-01
4.352539254976676986e-02 1.029780060212207804e+00
4.368963931410551477e-02 1.011788099638532668e+00
4.385388607844425274e-02 1.011148723266851901e+00
4.401813284278299765e-02 9.650832872503074533e-01
4.418237960712174256e-02 9.878179986630889475e-01
4.434662637146048053e-02 9.651213396592230875e-01
4.451087313579922544e-02 1.025598282429805330e+00
4.467511990013796341e-02 1.034152635324989689e+00
4.483936666447670832e-02 1.018261826577752549e+00
4.500361342881545323e-02 9.831265378004597766e-01
4.516786019315419121e-02 1.032974342545361246e+00
4.533210695749293612e-02 9.985024927344219314e-01
4.549635372183168103e-02 9.795801551477391067e-01
4.566060048617041900e-02 9.850074852920790436e-01
4.582484725050916391e-02 9.961867552527119418e-01
4.598909401484790882e-02 1.006319375154798079e+00
4.615334077918664679e-02 1.002610288576763820e+00
4.631758754352539170e-02 9.779998338259314750e-01
4.648183430786413661e-02 1.031500133388853380e+00
4.664608107220287458e-02 1.004706080000610235e+00
4.681032783654161950e-02 9.940795653741677507e-01
4.697457460088036441e-02 1.031680121211711931e+00
4.713882136521910238e-02 9.862153178400727693e-01
4.730306812955784729e-02 9.781061356651330474e-01
4.746731489389659220e-02 1.037790242797223428e+00
4.763156165823533017e-02 1.051421849971420741e+00
4.779580842257407508e-02 1.004867499156725019e+00
4.796005518691281999e-02 1.014532222106198533e+00
4.812430195125155796e-02 9.934594203350102237e-01
4.828854871559030287e-02 1.018292371558367826e+00
4.845279547992904778e-02 1.009978346536370530e+00
4.861704224426778576e-02 1.019193760240464597e+00
4.878128900860653067e-02 1.031359102006840445e+00
4.894553577294527558e-02 1.002295083053950320e+00
4.910978253728401355e-02 1.019306084238327692e+00
4.927402930162275846e-02 9.916759299345242473e-01
4.943827606596150337e-02 1.023651662534774909e+00
4.960252283030024134e-02 1.031353671948426198e+00
4.976676959463898625e-02 1.040478758415615657e+00
4.993101635897773116e-02 1.043304765166169767e+00
5.009526312331646913e-02 1.059893533549686628e+00
5.025950988765521404e-02 1.011822736405883161e+00
5.042375665199395202e-02 1.015904326468642926e+00
5.058800341633269693e-02 1.061362295961947977e+00
5.075225018067144184e-02 1.010680073263144463e+00
5.091649694501017981e-02 1.061095713909220084e+00
5.108074370934892472e-02 1.035930896334361861e+00
5.124499047368766963e-02 1.098419814389003601e+00
5.140923723802640760e-02 1.074416180334211379e+00
5.157348400236515251e-02 1.068696546859337015e+00
5.173773076670389742e-02 1.104415882718259079e+00
5.190197753104263539e-02 1.059678052887913280e+00
5.206622429538138030e-02 1.068679709777909492e+00
5.223047105972012522e-02 1.065303879931719155e+00
5.239471782405886319e-02 1.079298796075975675e+00
5.255896458839760810e-02 1.105306265395964882e+00
5.272321135273635301e-02 1.120815277376162822e+00
5.288745811707509098e-02 1.137446145935820940e+00
5.305170488141383589e-02 1.081410497151737760e+00
5.321595164575258080e-02 1.125124942552100604e+00
5.338019841009131877e-02 1.110720898008911162e+00
5.354444517443006368e-02 1.138353244286407495e+00
5.370869193876880859e-02 1.204167327141435706e+00
5.387293870310754657e-02 1.164901419378508995e+00
5.403718546744629148e-02 1.187069835587849731e+00
5.420143223178503639e-02 1.220367412312765909e+00
5.436567899612377436e-02 1.209488975345145434e+00
5.452992576046251927e-02 1.180926014735137031e+00
5.469417252480126418e-02 1.170026252696396485e+00
5.485841928914000215e-02 1.209279532074592600e+00
5.502266605347874706e-02 1.205792148462959457e+00
5.518691281781748503e-02 1.192067969119956050e+00
5.535115958215622994e-02 1.245736782920733310e+00
5.551540634649497485e-02 1.256905200702354453e+00
5.567965311083371283e-02 1.305657730333682709e+00
5.584389987517245774e-02 1.262906653876692209e+00
5.600814663951120265e-02 1.290661455532242652e+00
5.617239340384994062e-02 1.277881564628805311e+00
5.633664016818868553e-02 1.329880350071284578e+00
5.650088693252743044e-02 1.315988088397892719e+00
5.666513369686616841e-02 1.300549223863663562e+00
5.682938046120491332e-02 1.344207769557071996e+00
5.699362722554365823e-02 1.368241938534951130e+00
5.715787398988239620e-02 1.377983151156060737e+00
5.732212075422114111e-02 1.413566508860586879e+00
5.748636751855988603e-02 1.357992319649634183e+00
5.765061428289862400e-02 1.388842381986584273e+00
5.781486104723736891e-02 1.445334332250332476e+00
5.797910781157611382e-02 1.420841029389676269e+00
5.814335457591485179e-02 1.463694684744836882e+00
5.830760134025359670e-02 1.400641605648307975e+00
5.847184810459234161e-02 1.568089195846690709e+00
5.863609486893107958e-02 1.494859291152896619e+00
5.880034163326982449e-02 1.555134739876946837e+00
5.896458839760856940e-02 1.524647859616623524e+00
5.912883516194730738e-02 1.564202128836607475e+00
5.929308192628605229e-02 1.614676778403899338e+00
5.945732869062479720e-02 1.621605538402239421e+00
5.962157545496353517e-02 1.595071342473135756e+00
5.978582221930228008e-02 1.614396155408590383e+00
5.995006898364102499e-02 1.668952451784696311e+00
6.011431574797976296e-02 1.730794205826630128e+00
6.027856251231850787e-02 1.677737419198017665e+00
6.044280927665725278e-02 1.755267682119234340e+00
6.060705604099599075e-02 1.698902793888155349e+00
6.077130280533473566e-02 1.758129374973364412e+00
6.093554956967347364e-02 1.781949867511046115e+00
6.109979633401221855e-02 1.747500145266955407e+00
6.126404309835096346e-02 1.753855485793025082e+00
6.142828986268970143e-02 1.840290079199696782e+00
6.159253662702844634e-02 1.798469078972126933e+00
6.175678339136719125e-02 1.803749166186680908e+00
6.192103015570592922e-02 1.830104839349776302e+00
6.208527692004467413e-02 1.854363383277416011e+00
6.224952368438341904e-02 1.925900152527407094e+00
6.241377044872215701e-02 1.932231260614873269e+00
6.257801721306090192e-02 1.959291045118455088e+00
6.274226397739963990e-02 1.967229600496662956e+00
6.290651074173839175e-02 1.946562567397770227e+00
6.307075750607712972e-02 2.016877450023655260e+00
6.323500427041586769e-02 2.055831177504193086e+00
6.339925103475461954e-02 2.051225833594455761e+00
6.356349779909335751e-02 2.065106096103363154e+00
6.372774456343209548e-02 2.034162341140326458e+00
6.389199132777084733e-02 2.093812627074910448e+00
6.405623809210958530e-02 2.069549773223696931e+00
6.422048485644832327e-02 2.122086040446403477e+00
6.438473162078707512e-02 2.071818625059597352e+00
6.454897838512581310e-02 2.090451746099688091e+00
6.471322514946455107e-02 2.171531078575721363e+00
6.487747191380330292e-02 2.174513182826853352e+00
6.504171867814204089e-02 2.222046957195779715e+00
6.520596544248077886e-02 2.229871629846507108e+00
6.537021220681953071e-02 2.255743916071498489e+00
6.553445897115826868e-02 2.300421935320412725e+00
6.569870573549700665e-02 2.269788808651885592e+00
6.586295249983575850e-02 2.299016370917772445e+00
6.602719926417449647e-02 2.394877279461203656e+00
6.619144602851323445e-02 2.345169543758844011e+00
6.635569279285198629e-02 2.354282764238472492e+00
6.651993955719072427e-02 2.384257688730578195e+00
6.668418632152946224e-02 2.390015526167477145e+00
6.684843308586821409e-02 2.380745995279286209e+00
6.701267985020695206e-02 2.383572296086561515e+00
6.717692661454569003e-02 2.411655892483909991e+00
6.734117337888444188e-02 2.508854886433882214e+00
6.750542014322317985e-02 2.451110177660307254e+00
6.766966690756191782e-02 2.491035637544023462e+00
6.783391367190066967e-02 2.550232451511376564e+00
6.799816043623940764e-02 2.516910170997177509e+00
6.816240720057814562e-02 2.579085937165002118e+00
6.832665396491688359e-02 2.483485398263233446e+00
6.849090072925563544e-02 2.571041322417716213e+00
6.865514749359437341e-02 2.597185796115909273e+00
6.881939425793311138e-02 2.609315507104104537e+00
6.898364102227186323e-02 2.536205232605618143e+00
6.914788778661060120e-02 2.700974334786079289e+00
6.931213455094933917e-02 2.606562758954046100e+00
6.947638131528809102e-02 2.683926048058511871e+00
6.964062807962682899e-02 2.680441352163575708e+00
6.980487484396556697e-02 2.747825403458449056e+00
6.996912160830431882e-02 2.825711036552321254e+00
7.013336837264305679e-02 2.650357422593832890e+00
7.029761513698179476e-02 2.698169660518744628e+00
7.046186190132054661e-02 2.756894443095196934e+00
7.062610866565928458e-02 2.698150586674574747e+00
7.079035542999802255e-02 2.814924067979155620e+00
7.095460219433677440e-02 2.830720921743727025e+00
7.111884895867551237e-02 2.827026774752281923e+00
7.128309572301425034e-02 2.820789228103949497e+00
7.144734248735300219e-02 2.896271654877132562e+00
7.161158925169174017e-02 2.764952272750306861e+00
7.177583601603047814e-02 2.845184216468418903e+00
7.194008278036922999e-02 2.810218114046899807e+00
7.210432954470796796e-02 2.913997017843642734e+00
7.226857630904670593e-02 2.768138887747494170e+00
7.243282307338545778e-02 2.882130574243923604e+00
7.259706983772419575e-02 2.913191301342398454e+00
7.276131660206293372e-02 2.848595993108198776e+00
7.292556336640168557e-02 2.876757323628601704e+00
7.308981013074042354e-02 2.923559186029073498e+00
7.325405689507916152e-02 2.987879757142325676e+00
7.341830365941791336e-02 2.880138382360111660e+00
7.358255042375665134e-02 2.899061502808497615e+00
7.374679718809538931e-02 3.024921202592212754e+00
7.391104395243414116e-02 2.950552295152554461e+00
7.407529071677287913e-02 2.928719582453937154e+00
7.423953748111161710e-02 3.026501188653477836e+00
7.440378424545036895e-02 2.961682727314800978e+00
7.456803100978910692e-02 3.060175521989929148e+00
7.473227777412784489e-02 2.966149372842633802e+00
7.489652453846659674e-02 3.003749308487388969e+00
7.506077130280533471e-02 3.077592579462148592e+00
7.522501806714407269e-02 3.013772975737907700e+00
7.538926483148282454e-02 3.080150586974532256e+00
7.555351159582156251e-02 3.036911872554289626e+00
7.571775836016030048e-02 3.168141978226083122e+00
7.588200512449905233e-02 3.149477478830138288e+00
7.604625188883779030e-02 2.978537731008359390e+00
7.621049865317652827e-02 3.097824057740904635e+00
7.637474541751528012e-02 3.021485637330058260e+00
7.653899218185401809e-02 3.089114209792069410e+00
7.670323894619275606e-02 3.087084677864590176e+00
7.686748571053150791e-02 3.023080760247746746e+00
7.703173247487024589e-02 3.159013470063863682e+00
7.719597923920898386e-02 3.111243588590043352e+00
7.736022600354773571e-02 3.085958453386254519e+00
7.752447276788647368e-02 3.081245755071197578e+00
7.768871953222521165e-02 3.121910612753310943e+00
7.785296629656396350e-02 3.143242869919903537e+00
7.801721306090270147e-02 3.114477767843536693e+00
7.818145982524143944e-02 2.949512282925811579e+00
7.834570658958019129e-02 3.131933423580881115e+00
7.850995335391892926e-02 3.044618600267292585e+00
7.867420011825766724e-02 3.125862052889044840e+00
7.883844688259641909e-02 3.054626078092555819e+00
7.900269364693515706e-02 3.057565212734854931e+00
7.916694041127389503e-02 3.228227323023163731e+00
7.933118717561263300e-02 3.133805623986567923e+00
7.949543393995138485e-02 3.132441937074723182e+00
7.965968070429012282e-02 3.191393563556052193e+00
7.982392746862886079e-02 3.140742276181288872e+00
7.998817423296761264e-02 3.300681569855334896e+00
8.015242099730635061e-02 3.153223301665114331e+00
8.031666776164508859e-02 3.196751406544617424e+00
8.048091452598384044e-02 3.238218192876155310e+00
8.064516129032257841e-02 3.281294313566105902e+00
8.080940805466131638e-02 3.134983134718725140e+00
8.097365481900006823e-02 3.158304918884968338e+00
8.113790158333880620e-02 3.268832629936296197e+00
8.130214834767754417e-02 3.241834698642009904e+00
8.146639511201629602e-02 3.261308493013036269e+00
8.163064187635503399e-02 3.107629468716897492e+00
8.179488864069377196e-02 3.296456907039575501e+00
8.195913540503252381e-02 3.151044301772216727e+00
8.212338216937126179e-02 3.214331000027346619e+00
8.228762893370999976e-02 3.194703441629421992e+00
8.245187569804875161e-02 3.149995657825753081e+00
8.261612246238748958e-02 3.117761518446938496e+00
8.278036922672622755e-02 3.098448439450850245e+00
8.294461599106497940e-02 3.220028935880897780e+00
8.310886275540371737e-02 3.116238960519054579e+00
8.327310951974245534e-02 3.143228700619618454e+00
8.343735628408120719e-02 3.203942756831607230e+00
8.360160304841994516e-02 3.049819547963235955e+00
8.376584981275868313e-02 3.271659886939487727e+00
8.393009657709743498e-02 3.067804083690079064e+00
8.409434334143617296e-02 3.219803112459154182e+00
8.425859010577491093e-02 3.227362663615684024e+00
8.442283687011366278e-02 3.262691573345934959e+00
8.458708363445240075e-02 3.226786373744631842e+00
8.475133039879113872e-02 3.361361814217928234e+00
8.491557716312989057e-02 3.246402958193762789e+00
8.507982392746862854e-02 3.301981311323923141e+00
8.524407069180736651e-02 3.188411899928546234e+00
8.540831745614611836e-02 3.244394591483429124e+00
8.557256422048485633e-02 3.338119753045608817e+00
8.573681098482359431e-02 3.223798412698049898e+00
8.590105774916234616e-02 3.252922760402351177e+00
8.606530451350108413e-02 3.305296661091678079e+00
8.622955127783982210e-02 3.194777752496299694e+00
8.639379804217857395e-02 3.103859318287756075e+00
8.655804480651731192e-02 3.261858161892874364e+00
8.672229157085604989e-02 3.310603316022920684e+00
8.688653833519480174e-02 3.159751833232211204e+00
8.705078509953353971e-02 3.292171450317391557e+00
8.721503186387227768e-02 3.293700055850581787e+00
8.737927862821102953e-02 3.102945247124898831e+00
8.754352539254976751e-02 3.190900907683528409e+00
8.770777215688850548e-02 3.227059878509423108e+00
8.787201892122725733e-02 3.242121642404809378e+00
8.803626568556599530e-02 3.206418631846263523e+00
8.820051244990473327e-02 3.203862806640039196e+00
8.836475921424348512e-02 3.365580823291163259e+00
8.852900597858222309e-02 3.250637385618738939e+00
8.869325274292096106e-02 3.213268659269686633e+00
8.885749950725971291e-02 3.256788048980560291e+00
8.902174627159845088e-02 3.295386861412758162e+00
8.918599303593718886e-02 3.264611698901583203e+00
8.935023980027592683e-02 3.248689506142355743e+00
8.951448656461467868e-02 3.220547237571525390e+00
8.967873332895341665e-02 3.220589241674989278e+00
8.984298009329215462e-02 3.225610691356561865e+00
9.000722685763090647e-02 3.287593120390692736e+00
9.017147362196964444e-02 3.201331882041434707e+00
9.033572038630838241e-02 3.292776152859904215e+00
9.049996715064713426e-02 3.360221726708136014e+00
9.066421391498587223e-02 3.289948186954841702e+00
9.082846067932461021e-02 3.245264025392595286e+00
9.099270744366336205e-02 3.185294816730104284e+00
9.115695420800210003e-02 3.374194574967907645e+00
9.132120097234083800e-02 3.195148233479963018e+00
9.148544773667958985e-02 3.327988699162883979e+00
9.164969450101832782e-02 3.314987695905426524e+00
9.181394126535706579e-02 3.258414728550558248e+00
9.197818802969581764e-02 3.257418285476184394e+00
9.214243479403455561e-02 3.155106607325837142e+00
9.230668155837329358e-02 3.297696603748078825e+00
9.247092832271204543e-02 3.317403177457634911e+00
9.263517508705078340e-02 3.206087527607562215e+00
9.279942185138952138e-02 3.267954998987580240e+00
9.296366861572827323e-02 3.281344008517005140e+00
9.312791538006701120e-02 3.317888898632787242e+00
9.329216214440574917e-02 3.280476214499677745e+00
9.345640890874450102e-02 3.174186833572581801e+00
9.362065567308323899e-02 3.246793906975089516e+00
9.378490243742197696e-02 3.296987711940755794e+00
9.394914920176072881e-02 3.338159104344858186e+00
9.411339596609946678e-02 3.243004908405100029e+00
9.427764273043820475e-02 3.427916855561003118e+00
9.444188949477695660e-02 3.160413032439855385e+00
9.460613625911569458e-02 3.248483733601651657e+00
9.477038302345443255e-02 3.280713868544484768e+00
9.493462978779318440e-02 3.273617916233403591e+00
9.509887655213192237e-02 3.206442529274296405e+00
9.526312331647066034e-02 3.317544508149838034e+00
9.542737008080941219e-02 3.313135633635129640e+00
9.559161684514815016e-02 3.292514526361955074e+00
9.575586360948688813e-02 3.311824203626516638e+00
9.592011037382563998e-02 3.262726497821245353e+00
9.608435713816437795e-02 3.184778513790958776e+00
9.624860390250311593e-02 3.244682227165936794e+00
9.641285066684186777e-02 3.302826391878358248e+00
9.657709743118060575e-02 3.303821562278330237e+00
9.674134419551934372e-02 3.296445192263596446e+00
9.690559095985809557e-02 3.330486512634681873e+00
9.706983772419683354e-02 3.256649769815642248e+00
9.723408448853557151e-02 3.297316200589468949e+00
9.739833125287432336e-02 3.333881117038431707e+00
9.756257801721306133e-02 3.291177175646525566e+00
9.772682478155179930e-02 3.215386166320191474e+00
9.789107154589055115e-02 3.234565360716214588e+00
9.805531831022928912e-02 3.353400576632737273e+00
9.821956507456802710e-02 3.391069884829711611e+00
9.838381183890677895e-02 3.377353154367753518e+00
9.854805860324551692e-02 3.315712289321971706e+00
9.871230536758425489e-02 3.221555199093295130e+00
9.887655213192300674e-02 3.301162480259482113e+00
9.904079889626174471e-02 3.405353735358563672e+00
9.920504566060048268e-02 3.343625199906931744e+00
9.936929242493923453e-02 3.289655889381875031e+00
9.953353918927797250e-02 3.345493907744713447e+00
9.969778595361671047e-02 3.220649915257806306e+00
9.986203271795546232e-02 3.259149072944153236e+00
1.000262794822942003e-01 3.234042504925479733e+00
1.001905262466329383e-01 3.337361665850661741e+00
1.003547730109716762e-01 3.354126453458768253e+00
1.005190197753104281e-01 3.297307098670064551e+00
1.006832665396491661e-01 3.250313041281819526e+00
1.008475133039879040e-01 3.307344100372644480e+00
1.010117600683266559e-01 3.277029670998491628e+00
1.011760068326653939e-01 3.257112233701445536e+00
1.013402535970041318e-01 3.332841044223637805e+00
1.015045003613428837e-01 3.260783429669192213e+00
1.016687471256816216e-01 3.207815774318174107e+00
1.018329938900203596e-01 3.223097903529764885e+00
1.019972406543591115e-01 3.206490870510553925e+00
1.021614874186978494e-01 3.329692603006721097e+00
1.023257341830365874e-01 3.323836061746417769e+00
1.024899809473753393e-01 3.321106801489495108e+00
1.026542277117140772e-01 3.353985414619883976e+00
1.028184744760528152e-01 3.394634058431387214e+00
1.029827212403915671e-01 3.276885740302476702e+00
1.031469680047303050e-01 3.343703553685895891e+00
1.033112147690690430e-01 3.212510853852589499e+00
1.034754615334077948e-01 3.409372223720831041e+00
1.036397082977465328e-01 3.235837083553663174e+00
1.038039550620852708e-01 3.271890430096055180e+00
1.039682018264240226e-01 3.279912846774320823e+00
1.041324485907627606e-01 3.218815825452903567e+00
1.042966953551014986e-01 3.322897497071529038e+00
1.044609421194402504e-01 3.335510931556846526e+00
1.046251888837789884e-01 3.309285551406394355e+00
1.047894356481177264e-01 3.220089176900923000e+00
1.049536824124564782e-01 3.454819060466528757e+00
1.051179291767952162e-01 3.360077058198630784e+00
1.052821759411339542e-01 3.499264363293624669e+00
1.054464227054727060e-01 3.271164020678006157e+00
1.056106694698114440e-01 3.388967323174281621e+00
1.057749162341501820e-01 3.377661345723983910e+00
1.059391629984889338e-01 3.307058518562281169e+00
1.061034097628276718e-01 3.420842381484401784e+00
1.062676565271664098e-01 3.300534272095772437e+00
1.064319032915051616e-01 3.304054444643234056e+00
1.065961500558438996e-01 3.097534310315849915e+00
1.067603968201826375e-01 3.356432064163564988e+00
1.069246435845213894e-01 3.241484778620026042e+00
1.070888903488601274e-01 3.293635215356002899e+00
1.072531371131988653e-01 3.262511457152008187e+00
1.074173838775376172e-01 3.307032548638795255e+00
1.075816306418763552e-01 3.361572093289146412e+00
1.077458774062150931e-01 3.333291994403432490e+00
1.079101241705538450e-01 3.380412510115037517e+00
1.080743709348925830e-01 3.418046372476716055e+00
1.082386176992313209e-01 3.309625732799861719e+00
1.084028644635700728e-01 3.302855821754798082e+00
1.085671112279088107e-01 3.399215779221049782e+00
1.087313579922475487e-01 3.405072882050005134e+00
1.088956047565863006e-01 3.385856182535175840e+00
1.090598515209250385e-01 3.273442732501317121e+00
1.092240982852637765e-01 3.365756585161644221e+00
1.093883450496025284e-01 3.345404991095933145e+00
1.095525918139412663e-01 3.408929064525742625e+00
1.097168385782800043e-01 3.300941469365189729e+00
1.098810853426187562e-01 3.228429991304701208e+00
1.100453321069574941e-01 3.386413888205947131e+00
1.102095788712962321e-01 3.169909459164961696e+00
1.103738256356349701e-01 3.292516154320037636e+00
1.105380723999737219e-01 3.273561596752585512e+00
1.107023191643124599e-01 3.273648610448376406e+00
1.108665659286511979e-01 3.292967063858711629e+00
1.110308126929899497e-01 3.425003956176814857e+00
1.111950594573286877e-01 3.399024308553428853e+00
1.113593062216674257e-01 3.327850886225441673e+00
1.115235529860061775e-01 3.421081316512991410e+00
1.116877997503449155e-01 3.274698211523602076e+00
1.118520465146836534e-01 3.266131043814853196e+00
1.120162932790224053e-01 3.404680051174032940e+00
1.121805400433611433e-01 3.386223837646944457e+00
1.123447868076998812e-01 3.317142929063517709e+00
1.125090335720386331e-01 3.272463554283676856e+00
1.126732803363773711e-01 3.446822982490893583e+00
1.128375271007161090e-01 3.234358670546964909e+00
1.130017738650548609e-01 3.310037662705275885e+00
1.131660206293935989e-01 3.365993377967740230e+00
1.133302673937323368e-01 3.472005977924812914e+00
1.134945141580710887e-01 3.377439206986030396e+00
1.136587609224098266e-01 3.384501016678286955e+00
1.138230076867485646e-01 3.314657543390885142e+00
1.139872544510873165e-01 3.391504760042727717e+00
1.141515012154260544e-01 3.360981301826011958e+00
1.143157479797647924e-01 3.247887338491965536e+00
1.144799947441035443e-01 3.408200117431092746e+00
1.146442415084422822e-01 3.420655806171723157e+00
1.148084882727810202e-01 3.409992416760077028e+00
1.149727350371197721e-01 3.358843722176360291e+00
1.151369818014585100e-01 3.292942362646224641e+00
1.153012285657972480e-01 3.202608879035881539e+00
1.154654753301359998e-01 3.368762789122305090e+00
1.156297220944747378e-01 3.431428968033120253e+00
1.157939688588134758e-01 3.426169730776350786e+00
1.159582156231522276e-01 3.414655568744354053e+00
1.161224623874909656e-01 3.355364728961213405e+00
1.162867091518297036e-01 3.433982431943924052e+00
1.164509559161684554e-01 3.423548377985357050e+00
1.166152026805071934e-01 3.333533483384221174e+00
1.167794494448459314e-01 3.407983957910645678e+00
1.169436962091846832e-01 3.326965784519262392e+00
1.171079429735234212e-01 3.399873616138879839e+00
1.172721897378621592e-01 3.276669839316017629e+00
1.174364365022009110e-01 3.282361411678361485e+00
1.176006832665396490e-01 3.436356693470667967e+00
1.177649300308783870e-01 3.428776133028769824e+00
1.179291767952171388e-01 3.408851990192820924e+00
1.180934235595558768e-01 3.372646629506492744e+00
1.182576703238946148e-01 3.206210919358492895e+00
1.184219170882333666e-01 3.362735676248433503e+00
1.185861638525721046e-01 3.398902738104009114e+00
1.187504106169108425e-01 3.332804392701082197e+00
1.189146573812495944e-01 3.321346271252126670e+00
1.190789041455883324e-01 3.467235745996103180e+00
1.192431509099270703e-01 3.366346602542371613e+00
1.194073976742658222e-01 3.401597290204539270e+00
1.195716444386045602e-01 3.423659228711626312e+00
1.197358912029432981e-01 3.304447699863808818e+00
1.199001379672820500e-01 3.385539880235108878e+00
1.200643847316207879e-01 3.462055324866748940e+00
1.202286314959595259e-01 3.496299078710438657e+00
1.203928782602982778e-01 3.376771497314175807e+00
1.205571250246370157e-01 3.358539223505695670e+00
1.207213717889757537e-01 3.393279814737274247e+00
1.208856185533145056e-01 3.392089779229432001e+00
1.210498653176532435e-01 3.469800226137970789e+00
1.212141120819919815e-01 3.309392121382823682e+00
1.213783588463307195e-01 3.358298139123096604e+00
1.215426056106694713e-01 3.302253443227918250e+00
1.217068523750082093e-01 3.309858247057159808e+00
1.218710991393469473e-01 3.404205822434569928e+00
1.220353459036856991e-01 3.434011542291145691e+00
1.221995926680244371e-01 3.335898323686761202e+00
1.223638394323631751e-01 3.432510195880160264e+00
1.225280861967019269e-01 3.455989723715241269e+00
1.226923329610406649e-01 3.512183137783464471e+00
1.228565797253794029e-01 3.386578409388083966e+00
1.230208264897181547e-01 3.339097966586213051e+00
1.231850732540568927e-01 3.315066482180638818e+00
1.233493200183956306e-01 3.308849955776540064e+00
1.235135667827343825e-01 3.468503656014978898e+00
1.236778135470731205e-01 3.281879497083093788e+00
1.238420603114118584e-01 3.467388008610556849e+00
1.240063070757506103e-01 3.326659224797215320e+00
1.241705538400893483e-01 3.339571436828959961e+00
1.243348006044280862e-01 3.376220552596244762e+00
1.244990473687668381e-01 3.339331542883112292e+00
1.246632941331055761e-01 3.450650122476977000e+00
1.248275408974443140e-01 3.510892075637062071e+00
1.249917876617830659e-01 3.343975058360036723e+00
1.251560344261218038e-01 3.359742211153715630e+00
1.253202811904605418e-01 3.378477543354787116e+00
1.254845279547992798e-01 3.426742667342518089e+00
1.256487747191380455e-01 3.380159155760842360e+00
1.258130214834767835e-01 3.485161344559933205e+00
1.259772682478155215e-01 3.469360767178713889e+00
1.261415150121542594e-01 3.311666917088430750e+00
1.263057617764929974e-01 3.427946608259818451e+00
1.264700085408317354e-01 3.496277939160340686e+00
1.266342553051704733e-01 3.360028883152398116e+00
1.267985020695092391e-01 3.374141179623814324e+00
1.269627488338479770e-01 3.358772229904476436e+00
1.271269955981867150e-01 3.360695194207771852e+00
1.272912423625254530e-01 3.282322531935929266e+00
1.274554891268641910e-01 3.305912840243097506e+00
1.276197358912029289e-01 3.401902312536045248e+00
1.277839826555416947e-01 3.499980766230720075e+00
1.279482294198804326e-01 3.355965830421737461e+00
1.281124761842191706e-01 3.354464257144674555e+00
1.282767229485579086e-01 3.514307483812218802e+00
1.284409697128966465e-01 3.323808920742054251e+00
1.286052164772353845e-01 3.286699839156604686e+00
1.287694632415741502e-01 3.343812045496507679e+00
1.289337100059128882e-01 3.355576013436079474e+00
1.290979567702516262e-01 3.282286858883739278e+00
1.292622035345903642e-01 3.392942487681175123e+00
1.294264502989291021e-01 3.466687889198356132e+00
1.295906970632678401e-01 3.315138317326170814e+00
1.297549438276066058e-01 3.409110588892718230e+00
1.299191905919453438e-01 3.430600169714073111e+00
1.300834373562840818e-01 3.398468109230608380e+00
1.302476841206228197e-01 3.417286571287048158e+00
1.304119308849615577e-01 3.418577439678023744e+00
1.305761776493002957e-01 3.350278065783774739e+00
1.307404244136390614e-01 3.508218383583181055e+00
1.309046711779777994e-01 3.491639278417010495e+00
1.310689179423165374e-01 3.488204930683670213e+00
1.312331647066552753e-01 3.476700450011280363e+00
1.313974114709940133e-01 3.300756227487699590e+00
1.315616582353327513e-01 3.471735701746687219e+00
1.317259049996715170e-01 3.453797674878716251e+00
1.318901517640102550e-01 3.304812147007115453e+00
1.320543985283489929e-01 3.395425802533688753e+00
1.322186452926877309e-01 3.429455708493581056e+00
1.323828920570264689e-01 3.524608910248922200e+00
1.325471388213652069e-01 3.461007073313317139e+00
1.327113855857039726e-01 3.353050445773330335e+00
1.328756323500427106e-01 3.528251411737655108e+00
1.330398791143814485e-01 3.416018363626143639e+00
1.332041258787201865e-01 3.396053280845343636e+00
1.333683726430589245e-01 3.391673286134627041e+00
1.335326194073976624e-01 3.303625370911911663e+00
1.336968661717364282e-01 3.407489171732744904e+00
1.338611129360751661e-01 3.449457468080375566e+00
1.340253597004139041e-01 3.389633106847179000e+00
1.341896064647526421e-01 3.445178594343959677e+00
1.343538532290913801e-01 3.357865008235600968e+00
1.345180999934301180e-01 3.407790678811525087e+00
1.346823467577688838e-01 3.439547091926431932e+00
1.348465935221076217e-01 3.431361370579470549e+00
1.350108402864463597e-01 3.309102090561424792e+00
1.351750870507850977e-01 3.389342388615797841e+00
1.353393338151238356e-01 3.534582705979326445e+00
1.355035805794625736e-01 3.386646780204098484e+00
1.356678273438013393e-01 3.421898546056048485e+00
1.358320741081400773e-01 3.415363978237332621e+00
1.359963208724788153e-01 3.529106732924979006e+00
1.361605676368175533e-01 3.510585330242641522e+00
1.363248144011562912e-01 3.478027254089001818e+00
1.364890611654950292e-01 3.356596798088225420e+00
1.366533079298337672e-01 3.448305487829338212e+00
1.368175546941725329e-01 3.463086417001732364e+00
1.369818014585112709e-01 3.376822221928641010e+00
1.371460482228500088e-01 3.365519083654056942e+00
1.373102949871887468e-01 3.542446854976754711e+00
1.374745417515274848e-01 3.405499416649957034e+00
1.376387885158662228e-01 3.537267288333033388e+00
1.378030352802049885e-01 3.495410686170270509e+00
1.379672820445437265e-01 3.455506945724977630e+00
1.381315288088824644e-01 3.459050089550466556e+00
1.382957755732212024e-01 3.332474806036615611e+00
1.384600223375599404e-01 3.443159057396414813e+00
1.386242691018986783e-01 3.526647203989892621e+00
1.387885158662374441e-01 3.476670121127778845e+00
1.389527626305761820e-01 3.440995648791898454e+00
1.391170093949149200e-01 3.548351326972985387e+00
1.392812561592536580e-01 3.418658351824377384e+00
1.394455029235923960e-01 3.389307497412502812e+00
1.396097496879311339e-01 3.442865830007149519e+00
1.397739964522698997e-01 3.485401897322673470e+00
1.399382432166086376e-01 3.315300558895367899e+00
1.401024899809473756e-01 3.453289185658892535e+00
1.402667367452861136e-01 3.489856265399672974e+00
1.404309835096248515e-01 3.416148139627716684e+00
1.405952302739635895e-01 3.511194179595114040e+00
1.407594770383023552e-01 3.479671351009074876e+00
1.409237238026410932e-01 3.583244460491536998e+00
1.410879705669798312e-01 3.384965830558241962e+00
1.412522173313185692e-01 3.494129266015058466e+00
1.414164640956573071e-01 3.367554760124193969e+00
1.415807108599960451e-01 3.326893680087975813e+00
1.417449576243348108e-01 3.298453444540424329e+00
1.419092043886735488e-01 3.475927786396940444e+00
1.420734511530122868e-01 3.452045139308146826e+00
1.422376979173510247e-01 3.406881935151328200e+00
1.424019446816897627e-01 3.318278650949494146e+00
1.425661914460285007e-01 3.393264472865920034e+00
1.427304382103672664e-01 3.441522201432492878e+00
1.428946849747060044e-01 3.496303987624357568e+00
1.430589317390447424e-01 3.441034451698261165e+00
1.432231785033834803e-01 3.459993467467865624e+00
1.433874252677222183e-01 3.417202359308699311e+00
1.435516720320609563e-01 3.564039893256286451e+00
1.437159187963997220e-01 3.373895152692664379e+00
1.438801655607384600e-01 3.396326423900678293e+00
1.440444123250771979e-01 3.411037477940297435e+00
1.442086590894159359e-01 3.482820769582730236e+00
1.443729058537546739e-01 3.374290864434867920e+00
1.445371526180934119e-01 3.455703908781957878e+00
1.447013993824321776e-01 3.458179643338777254e+00
1.448656461467709156e-01 3.399400270837960480e+00
1.450298929111096535e-01 3.470488092242128619e+00
1.451941396754483915e-01 3.378692652115280470e+00
1.453583864397871295e-01 3.371607943086246006e+00
1.455226332041258674e-01 3.455987282499415780e+00
1.456868799684646332e-01 3.335067014375556305e+00
1.458511267328033711e-01 3.302042617854195505e+00
1.460153734971421091e-01 3.487265366877064565e+00
1.461796202614808471e-01 3.523352213369899566e+00
1.463438670258195851e-01 3.419189003430120888e+00
1.465081137901583230e-01 3.405747672519293445e+00
1.466723605544970888e-01 3.521755806956821111e+00
1.468366073188358267e-01 3.373678321892920273e+00
1.470008540831745647e-01 3.359079954288899827e+00
1.471651008475133027e-01 3.502576696164484638e+00
1.473293476118520406e-01 3.454777874851047592e+00
1.474935943761907786e-01 3.528183805028233255e+00
1.476578411405295166e-01 3.307169296295419780e+00
1.478220879048682823e-01 3.358718207748137452e+00
1.479863346692070203e-01 3.456964478645621064e+00
1.481505814335457583e-01 3.485301184239093519e+00
1.483148281978844962e-01 3.515441151146259546e+00
1.484790749622232342e-01 3.469423243892344022e+00
1.486433217265619722e-01 3.469175044998445756e+00
1.488075684909007379e-01 3.431307950614401303e+00
1.489718152552394759e-01 3.568742143400562838e+00
1.491360620195782138e-01 3.382834640388700631e+00
1.493003087839169518e-01 3.484437819740635156e+00
1.494645555482556898e-01 3.391690355449171079e+00
1.496288023125944278e-01 3.497510447337571549e+00
1.497930490769331935e-01 3.389167544477661220e+00
1.499572958412719315e-01 3.512891721207010320e+00
1.501215426056106694e-01 3.469610324160016912e+00
1.502857893699494074e-01 3.583107004263679674e+00
1.504500361342881454e-01 3.443284707060237704e+00
1.506142828986268833e-01 3.492630051996505447e+00
1.507785296629656491e-01 3.409634376126380761e+00
1.509427764273043870e-01 3.444145442106593347e+00
1.511070231916431250e-01 3.471866078512571008e+00
1.512712699559818630e-01 3.359149762489102020e+00
1.514355167203206010e-01 3.367178747884281620e+00
1.515997634846593389e-01 3.507459444441710872e+00
1.517640102489981047e-01 3.456196905819318044e+00
1.519282570133368426e-01 3.425659361814056503e+00
1.520925037776755806e-01 3.416109566007619947e+00
1.522567505420143186e-01 3.419217757300957228e+00
1.524209973063530565e-01 3.475911408584137163e+00
1.525852440706917945e-01 3.499421321026203291e+00
1.527494908350305602e-01 3.323842390180756112e+00
1.529137375993692982e-01 3.567470574788107029e+00
1.530779843637080362e-01 3.562989604324421578e+00
1.532422311280467742e-01 3.308559021913863418e+00
1.534064778923855121e-01 3.546143601444911031e+00
1.535707246567242501e-01 3.544463223263001783e+00
1.537349714210630158e-01 3.471678046848092336e+00
1.538992181854017538e-01 3.382010592823139650e+00
1.540634649497404918e-01 3.543037244477364567e+00
1.542277117140792297e-01 3.456213726688052379e+00
1.543919584784179677e-01 3.511539170537126164e+00
1.545562052427567057e-01 3.628032659484000444e+00
1.547204520070954714e-01 3.491787648551542222e+00
1.548846987714342094e-01 3.411009054978378696e+00
1.550489455357729474e-01 3.451831728374076480e+00
1.552131923001116853e-01 3.420728392634843740e+00
1.553774390644504233e-01 3.506178835685638262e+00
1.555416858287891613e-01 3.420434226036189518e+00
1.557059325931279270e-01 3.444035625615082363e+00
1.558701793574666650e-01 3.388025341287678405e+00
1.560344261218054029e-01 3.468602724219696398e+00
1.561986728861441409e-01 3.490522069102790503e+00
1.563629196504828789e-01 3.291872510314081790e+00
1.565271664148216169e-01 3.497158883110529359e+00
1.566914131791603826e-01 3.476351921610428608e+00
1.568556599434991206e-01 3.426723917364395522e+00
1.570199067078378585e-01 3.621609956250992024e+00
1.571841534721765965e-01 3.547560981344849207e+00
1.573484002365153345e-01 3.404931117930410700e+00
1.575126470008540724e-01 3.540071543538278576e+00
1.576768937651928382e-01 3.568804743393372725e+00
1.578411405295315761e-01 3.491762444548672573e+00
1.580053872938703141e-01 3.508177159522823718e+00
1.581696340582090521e-01 3.507003003027011623e+00
1.583338808225477901e-01 3.338528343147719291e+00
1.584981275868865280e-01 3.471271105258223688e+00
1.586623743512252660e-01 3.468073040655537120e+00
1.588266211155640317e-01 3.584840521623839926e+00
1.589908678799027697e-01 3.508848950771933151e+00
1.591551146442415077e-01 3.465264302070731883e+00
1.593193614085802456e-01 3.480158770135121760e+00
1.594836081729189836e-01 3.558240244503704908e+00
1.596478549372577216e-01 3.474426444575469120e+00
1.598121017015964873e-01 3.439026334887134606e+00
1.599763484659352253e-01 3.468922641546433372e+00
1.601405952302739633e-01 3.554217907169469282e+00
1.603048419946127012e-01 3.523633568350670320e+00
1.604690887589514392e-01 3.492527237716628097e+00
1.606333355232901772e-01 3.503233159528807317e+00
1.607975822876289429e-01 3.451217014100661284e+00
1.609618290519676809e-01 3.477175541688026339e+00
1.611260758163064188e-01 3.444827550072331324e+00
1.612903225806451568e-01 3.470981497152510808e+00
1.614545693449838948e-01 3.586007812695031216e+00
1.616188161093226328e-01 3.417127735080846218e+00
1.617830628736613985e-01 3.444727589399861678e+00
1.619473096380001365e-01 3.405630864719959128e+00
1.621115564023388744e-01 3.390908141778881113e+00
1.622758031666776124e-01 3.481056862960321574e+00
1.624400499310163504e-01 3.451366328893562763e+00
1.626042966953550883e-01 3.618094025529554614e+00
1.627685434596938541e-01 3.475602337655893770e+00
1.629327902240325920e-01 3.585946307824698476e+00
1.630970369883713300e-01 3.563905282027473920e+00
1.632612837527100680e-01 3.482026085932945936e+00
1.634255305170488060e-01 3.644644647201346288e+00
1.635897772813875439e-01 3.516263189546295909e+00
1.637540240457263097e-01 3.603746158792975329e+00
1.639182708100650476e-01 3.596033286371375315e+00
1.640825175744037856e-01 3.527752401641284674e+00
1.642467643387425236e-01 3.551722688357885183e+00
1.644110111030812615e-01 3.543254239145758433e+00
1.645752578674199995e-01 3.419894418918414392e+00
1.647395046317587652e-01 3.504420994971245928e+00
1.649037513960975032e-01 3.576042590555315037e+00
1.650679981604362412e-01 3.608115492149157610e+00
1.652322449247749792e-01 3.451192359561212175e+00
1.653964916891137171e-01 3.539117507304696986e+00
1.655607384534524551e-01 3.513061705226649512e+00
1.657249852177912208e-01 3.494650802244809729e+00
1.658892319821299588e-01 3.528267928435945056e+00
1.660534787464686968e-01 3.519015085256494313e+00
1.662177255108074347e-01 3.542097013320997689e+00
1.663819722751461727e-01 3.605619588767411177e+00
1.665462190394849107e-01 3.559948620048963175e+00
1.667104658038236764e-01 3.527169979499521268e+00
1.668747125681624144e-01 3.636548606197110622e+00
1.670389593325011524e-01 3.584054246214096295e+00
1.672032060968398903e-01 3.500153410869990545e+00
1.673674528611786283e-01 3.421675765251257495e+00
1.675316996255173663e-01 3.438162020802222330e+00
1.676959463898561320e-01 3.573342105350770126e+00
1.678601931541948700e-01 3.464053825953466781e+00
1.680244399185336079e-01 3.437951756189413732e+00
1.681886866828723459e-01 3.455897328764671261e+00
1.683529334472110839e-01 3.461263726685819719e+00
1.685171802115498219e-01 3.569635267923680466e+00
1.686814269758885598e-01 3.499326228434823882e+00
1.688456737402273256e-01 3.414378635867448164e+00
1.690099205045660635e-01 3.513328434858050908e+00
1.691741672689048015e-01 3.527166769842532190e+00
1.693384140332435395e-01 3.478296541242323237e+00
1.695026607975822774e-01 3.593570525481370126e+00
1.696669075619210154e-01 3.483206612766216459e+00
1.698311543262597811e-01 3.591062919825640964e+00
1.699954010905985191e-01 3.555530719071410939e+00
1.701596478549372571e-01 3.579121879147074470e+00
1.703238946192759951e-01 3.437190999288280757e+00
1.704881413836147330e-01 3.521722604771361453e+00
1.706523881479534710e-01 3.511503087732873229e+00
1.708166349122922367e-01 3.415637394383758352e+00
1.709808816766309747e-01 3.593735295676903974e+00
1.711451284409697127e-01 3.458944501425408546e+00
1.713093752053084506e-01 3.473960203387421508e+00
1.714736219696471886e-01 3.445957396890155788e+00
1.716378687339859266e-01 3.566972669946298247e+00
1.718021154983246923e-01 3.410679431175841270e+00
1.719663622626634303e-01 3.561927106873204796e+00
1.721306090270021683e-01 3.592360007241556019e+00
1.722948557913409062e-01 3.557061575723046154e+00
1.724591025556796442e-01 3.569818033662842893e+00
1.726233493200183822e-01 3.573528171498963957e+00
1.727875960843571479e-01 3.453608130786626873e+00
1.729518428486958859e-01 3.621886873317859745e+00
1.731160896130346238e-01 3.488856345259302660e+00
1.732803363773733618e-01 3.516981402885682062e+00
1.734445831417120998e-01 3.498625617162836932e+00
1.736088299060508378e-01 3.557085027379171649e+00
1.737730766703896035e-01 3.484946781217363121e+00
1.739373234347283415e-01 3.527969233518830627e+00
1.741015701990670794e-01 3.436593920607272867e+00
1.742658169634058174e-01 3.606137162990761702e+00
1.744300637277445554e-01 3.571727909500231668e+00
1.745943104920832933e-01 3.504242028265707187e+00
1.747585572564220591e-01 3.492165187840950757e+00
1.749228040207607970e-01 3.571093703488030346e+00
1.750870507850995350e-01 3.476156712348455358e+00
1.752512975494382730e-01 3.535273432391691895e+00
1.754155443137770110e-01 3.608748362434619938e+00
1.755797910781157489e-01 3.469992999751318141e+00
1.757440378424545147e-01 3.553623405264707991e+00
1.759082846067932526e-01 3.550290133100866274e+00
1.760725313711319906e-01 3.521538004584177983e+00
1.762367781354707286e-01 3.493245495063376005e+00
1.764010248998094665e-01 3.614939814019321407e+00
1.765652716641482045e-01 3.487404705835886354e+00
1.767295184284869702e-01 3.402051958539067833e+00
1.768937651928257082e-01 3.575600456365632951e+00
1.770580119571644462e-01 3.445936005905357202e+00
1.772222587215031842e-01 3.580021394782178401e+00
1.773865054858419221e-01 3.625835906864250280e+00
1.775507522501806601e-01 3.576426611682908430e+00
1.777149990145194258e-01 3.608024584035528282e+00
1.778792457788581638e-01 3.675449282306094467e+00
1.780434925431969018e-01 3.601427768772905047e+00
1.782077393075356397e-01 3.556866084861267652e+00
1.783719860718743777e-01 3.649378281536031832e+00
1.785362328362131157e-01 3.658321295713118815e+00
1.787004796005518537e-01 3.659713595326374413e+00
1.788647263648906194e-01 3.500266717490891910e+00
1.790289731292293574e-01 3.439709129549527677e+00
1.791932198935680953e-01 3.496718688689298027e+00
1.793574666579068333e-01 3.585991285616945579e+00
1.795217134222455713e-01 3.547871823113138312e+00
1.796859601865843092e-01 3.522394940492878490e+00
1.798502069509230750e-01 3.577041160852806101e+00
1.800144537152618129e-01 3.433707426195118817e+00
1.801787004796005509e-01 3.548150869374212757e+00
1.803429472439392889e-01 3.617701558403749296e+00
1.805071940082780269e-01 3.577812737114873354e+00
1.806714407726167648e-01 3.588288954257400132e+00
1.808356875369555306e-01 3.652787784418014105e+00
1.809999343012942685e-01 3.535404909041934385e+00
1.811641810656330065e-01 3.494227290595636859e+00
1.813284278299717445e-01 3.625094450170469607e+00
1.814926745943104824e-01 3.624184541001726600e+00
1.816569213586492204e-01 3.581168755614302590e+00
1.818211681229879861e-01 3.530645978547594765e+00
1.819854148873267241e-01 3.542487214043836374e+00
1.821496616516654621e-01 3.452305630473741171e+00
1.823139084160042001e-01 3.622020911068987825e+00
1.824781551803429380e-01 3.619909847251263191e+00
1.826424019446816760e-01 3.450947534701637842e+00
1.828066487090204417e-01 3.605801587485054416e+00
1.829708954733591797e-01 3.573327744792287319e+00
1.831351422376979177e-01 3.472600902944554591e+00
1.832993890020366556e-01 3.459924312465656016e+00
1.834636357663753936e-01 3.572307084653137732e+00
1.836278825307141316e-01 3.517993139701699690e+00
1.837921292950528973e-01 3.675671066619569327e+00
1.839563760593916353e-01 3.614534736217587252e+00
1.841206228237303733e-01 3.580943861423904195e+00
1.842848695880691112e-01 3.584829947786763782e+00
1.844491163524078492e-01 3.642534106698558372e+00
1.846133631167465872e-01 3.608547920766808748e+00
1.847776098810853529e-01 3.584320349623185020e+00
1.849418566454240909e-01 3.479642189359177795e+00
1.851061034097628288e-01 3.766976225889932639e+00
1.852703501741015668e-01 3.471653315815818264e+00
1.854345969384403048e-01 3.528162239396334776e+00
1.855988437027790428e-01 3.433220954019824411e+00
1.857630904671178085e-01 3.589372984436308478e+00
1.859273372314565465e-01 3.562214943669490985e+00
1.860915839957952844e-01 3.606219587935424631e+00
1.862558307601340224e-01 3.428679892356210068e+00
1.864200775244727604e-01 3.631679747696554106e+00
1.865843242888114983e-01 3.495603412630254869e+00
1.867485710531502641e-01 3.542763755307828610e+00
1.869128178174890020e-01 3.619937473447207843e+00
1.870770645818277400e-01 3.572670896243891114e+00
1.872413113461664780e-01 3.578069899335709181e+00
1.874055581105052160e-01 3.611663856435957776e+00
1.875698048748439539e-01 3.585705726357771628e+00
1.877340516391827197e-01 3.531331883254398729e+00
1.878982984035214576e-01 3.544121029504919917e+00
1.880625451678601956e-01 3.571401598915140418e+00
1.882267919321989336e-01 3.492997748542470582e+00
1.883910386965376715e-01 3.627930369374801511e+00
1.885552854608764095e-01 3.577980538546642997e+00
1.887195322252151752e-01 3.563133909570587843e+00
1.888837789895539132e-01 3.643045187082110115e+00
1.890480257538926512e-01 3.550003515600812953e+00
1.892122725182313892e-01 3.545936739075814081e+00
1.893765192825701271e-01 3.524791235358564201e+00
1.895407660469088651e-01 3.584082384324969173e+00
1.897050128112476031e-01 3.581988299113262553e+00
1.898692595755863688e-01 3.512949623287501044e+00
1.900335063399251068e-01 3.548107313606698732e+00
1.901977531042638447e-01 3.514150470451702812e+00
1.903619998686025827e-01 3.511288232646970986e+00
1.905262466329413207e-01 3.438629393682062219e+00
1.906904933972800587e-01 3.545777756687923610e+00
1.908547401616188244e-01 3.441308931368543877e+00
1.910189869259575624e-01 3.529980667075343526e+00
1.911832336902963003e-01 3.519661321362520301e+00
1.913474804546350383e-01 3.638663599853712682e+00
1.915117272189737763e-01 3.491710116179785217e+00
1.916759739833125142e-01 3.510156516594628684e+00
1.918402207476512800e-01 3.537583429658255785e+00
1.920044675119900179e-01 3.523782365951725559e+00
1.921687142763287559e-01 3.663153785900568060e+00
1.923329610406674939e-01 3.484675386997072355e+00
1.924972078050062319e-01 3.539177200971086901e+00
1.926614545693449698e-01 3.590287686411514301e+00
1.928257013336837355e-01 3.629826137952188336e+00
1.929899480980224735e-01 3.540196325138100786e+00
1.931541948623612115e-01 3.430823414056386245e+00
1.933184416266999495e-01 3.557336873759321616e+00
1.934826883910386874e-01 3.664901447096958531e+00
1.936469351553774254e-01 3.588911722750953714e+00
1.938111819197161911e-01 3.586007170093101326e+00
1.939754286840549291e-01 3.493602636873106349e+00
1.941396754483936671e-01 3.486625786077247380e+00
1.943039222127324051e-01 3.571499184803387461e+00
1.944681689770711430e-01 3.468710576622263453e+00
1.946324157414098810e-01 3.626733154614563137e+00
1.947966625057486467e-01 3.510815783587962979e+00
1.949609092700873847e-01 3.569885267041503774e+00
1.951251560344261227e-01 3.437285413294759895e+00
1.952894027987648606e-01 3.544226596452731304e+00
1.954536495631035986e-01 3.487985277370404091e+00
1.956178963274423366e-01 3.407146912978847197e+00
1.957821430917811023e-01 3.612159247588553779e+00
1.959463898561198403e-01 3.691094421574735218e+00
1.961106366204585782e-01 3.654885689415051431e+00
1.962748833847973162e-01 3.623237796874679617e+00
1.964391301491360542e-01 3.545250979689620330e+00
1.966033769134747922e-01 3.632839600235792332e+00
1.967676236778135579e-01 3.663089653325419359e+00
1.969318704421522959e-01 3.585710399357890932e+00
1.970961172064910338e-01 3.491567660800411144e+00
1.972603639708297718e-01 3.540911753135767004e+00
1.974246107351685098e-01 3.698798582019442893e+00
1.975888574995072478e-01 3.571994108499242149e+00
1.977531042638460135e-01 3.339796003964350835e+00
1.979173510281847514e-01 3.472930822940714979e+00
1.980815977925234894e-01 3.548024307885561779e+00
1.982458445568622274e-01 3.652893096176046850e+00
1.984100913212009654e-01 3.559555417143974498e+00
1.985743380855397033e-01 3.654943949136594483e+00
1.987385848498784691e-01 3.542138532743450252e+00
1.989028316142172070e-01 3.439511471770536843e+00
1.990670783785559450e-01 3.545311432150688891e+00
1.992313251428946830e-01 3.605567071616997410e+00
1.993955719072334209e-01 3.599975575086488799e+00
1.995598186715721589e-01 3.491658828183745289e+00
1.997240654359109246e-01 3.556754642342027761e+00
1.998883122002496626e-01 3.774607580132072648e+00
2.000525589645884006e-01 3.494246237543543465e+00
2.002168057289271386e-01 3.630308726079499504e+00
2.003810524932658765e-01 3.433049761893086416e+00
2.005452992576046145e-01 3.645569756571382491e+00
2.007095460219433525e-01 3.520045229277111609e+00
2.008737927862821182e-01 3.613179689239368830e+00
2.010380395506208562e-01 3.492108054352756508e+00
2.012022863149595941e-01 3.605904525812328121e+00
2.013665330792983321e-01 3.520239683362267336e+00
2.015307798436370701e-01 3.534464283206213420e+00
2.016950266079758081e-01 3.617790372403567378e+00
2.018592733723145738e-01 3.555565507252739454e+00
2.020235201366533118e-01 3.614069306495604650e+00
2.021877669009920497e-01 3.573436550563528158e+00
2.023520136653307877e-01 3.592315942175708265e+00
2.025162604296695257e-01 3.619756118936864109e+00
2.026805071940082636e-01 3.563044602721263665e+00
2.028447539583470294e-01 3.517020876797028350e+00
2.030090007226857673e-01 3.550643889238882078e+00
2.031732474870245053e-01 3.674987328483521942e+00
2.033374942513632433e-01 3.597879313520718991e+00
2.035017410157019813e-01 3.529220741664906846e+00
2.036659877800407192e-01 3.619059349509897050e+00
2.038302345443794850e-01 3.624198605391957262e+00
2.039944813087182229e-01 3.628256081407631228e+00
2.041587280730569609e-01 3.521019632127731835e+00
2.043229748373956989e-01 3.542577290307622917e+00
2.044872216017344368e-01 3.543313778731277175e+00
2.046514683660731748e-01 3.566366694688704708e+00
2.048157151304119405e-01 3.631341297844580929e+00
2.049799618947506785e-01 3.614243023501730878e+00
2.051442086590894165e-01 3.620265230157051040e+00
2.053084554234281545e-01 3.690957220504234915e+00
2.054727021877668924e-01 3.643497175517530273e+00
2.056369489521056304e-01 3.584125981286344853e+00
2.058011957164443961e-01 3.509545655170531298e+00
2.059654424807831341e-01 3.543622075378355607e+00
2.061296892451218721e-01 3.576518390597653418e+00
2.062939360094606100e-01 3.655300868921286472e+00
2.064581827737993480e-01 3.594047725397437443e+00
2.066224295381380860e-01 3.549153148196984908e+00
2.067866763024768517e-01 3.543969263130247960e+00
2.069509230668155897e-01 3.592020891680210326e+00
2.071151698311543277e-01 3.661395644988030273e+00
2.072794165954930656e-01 3.712180487149009167e+00
2.074436633598318036e-01 3.583229540746726283e+00
2.076079101241705416e-01 3.595152992941866632e+00
2.077721568885093073e-01 3.511336552968225000e+00
2.079364036528480453e-01 3.738629513689939010e+00
2.081006504171867832e-01 3.498525271890861266e+00
2.082648971815255212e-01 3.684068249342571377e+00
2.084291439458642592e-01 3.573745531756992388e+00
2.085933907102029972e-01 3.557225659932953477e+00
2.087576374745417629e-01 3.520782734629212207e+00
2.089218842388805009e-01 3.774627225707713141e+00
2.090861310032192388e-01 3.617340247177058821e+00
2.092503777675579768e-01 3.603253092196579743e+00
2.094146245318967148e-01 3.665934497989539409e+00
2.095788712962354527e-01 3.555495242317926685e+00
2.097431180605742185e-01 3.602851899181344741e+00
2.099073648249129564e-01 3.607110894444664151e+00
2.100716115892516944e-01 3.566474173667232961e+00
2.102358583535904324e-01 3.690178200786158325e+00
2.104001051179291704e-01 3.588285834790254647e+00
2.105643518822679083e-01 3.492416401989565600e+00
2.107285986466066463e-01 3.582972669312933345e+00
2.108928454109454120e-01 3.623005552878999946e+00
2.110570921752841500e-01 3.540942524234235833e+00
2.112213389396228880e-01 3.546956456994907914e+00
2.113855857039616259e-01 3.566633494142126715e+00
2.115498324683003639e-01 3.694443924983305205e+00
2.117140792326391019e-01 3.571548403706362951e+00
2.118783259969778676e-01 3.710115022943092367e+00
2.120425727613166056e-01 3.562979996948287376e+00
2.122068195256553436e-01 3.631126202892195121e+00
2.123710662899940815e-01 3.575802624374250893e+00
2.125353130543328195e-01 3.662751129039615972e+00
2.126995598186715575e-01 3.527949770500887539e+00
2.128638065830103232e-01 3.662605990114587318e+00
2.130280533473490612e-01 3.617533543493079762e+00
2.131923001116877991e-01 3.563437798305646886e+00
2.133565468760265371e-01 3.597966125013654981e+00
2.135207936403652751e-01 3.721046867115485934e+00
2.136850404047040131e-01 3.620573674018569665e+00
2.138492871690427788e-01 3.560195128977357459e+00
2.140135339333815168e-01 3.524261417982263556e+00
2.141777806977202547e-01 3.648102460700459737e+00
2.143420274620589927e-01 3.626068664012231491e+00
2.145062742263977307e-01 3.662457528250018690e+00
2.146705209907364686e-01 3.506922458379116314e+00
2.148347677550752344e-01 3.528189349633300331e+00
2.149990145194139723e-01 3.696096807624102976e+00
2.151632612837527103e-01 3.637488273330891086e+00
2.153275080480914483e-01 3.652418067427623871e+00
2.154917548124301863e-01 3.544601732812819872e+00
2.156560015767689242e-01 3.543595413106650494e+00
2.158202483411076900e-01 3.686498452846682650e+00
2.159844951054464279e-01 3.690233974930960503e+00
2.161487418697851659e-01 3.536782140240719574e+00
2.163129886341239039e-01 3.523280839608900816e+00
2.164772353984626418e-01 3.608267563080902463e+00
2.166414821628013798e-01 3.558626527775840209e+00
2.168057289271401455e-01 3.557435711762324537e+00
2.169699756914788835e-01 3.526557297099748745e+00
2.171342224558176215e-01 3.583514221196536287e+00
2.172984692201563595e-01 3.534177307407776247e+00
2.174627159844950974e-01 3.538780353780267340e+00
2.176269627488338354e-01 3.639957958674941541e+00
2.177912095131726011e-01 3.614688599488075749e+00
2.179554562775113391e-01 3.654098123539042398e+00
2.181197030418500771e-01 3.499953755616272311e+00
2.182839498061888150e-01 3.620355231352149428e+00
2.184481965705275530e-01 3.770232656471771193e+00
2.186124433348662910e-01 3.593321668906896083e+00
2.187766900992050567e-01 3.680315636708400007e+00
2.189409368635437947e-01 3.680005274756561029e+00
2.191051836278825327e-01 3.683890372802363089e+00
2.192694303922212706e-01 3.633617154753009171e+00
2.194336771565600086e-01 3.662868108355912700e+00
2.195979239208987466e-01 3.672817882320720706e+00
2.197621706852375123e-01 3.668533011566538438e+00
2.199264174495762503e-01 3.541847026744852744e+00
2.200906642139149882e-01 3.499405169372130864e+00
2.202549109782537262e-01 3.510855561747582065e+00
2.204191577425924642e-01 3.604177198254561620e+00
2.205834045069312022e-01 3.667120608510082924e+00
2.207476512712699401e-01 3.544330277123025397e+00
2.209118980356087059e-01 3.691683214114499734e+00
2.210761447999474438e-01 3.588599860276539655e+00
2.212403915642861818e-01 3.589600783926537808e+00
2.214046383286249198e-01 3.565013833670076071e+00
2.215688850929636577e-01 3.489272592376701176e+00
2.217331318573023957e-01 3.642899753033580268e+00
2.218973786216411614e-01 3.750804012391117048e+00
2.220616253859798994e-01 3.622348395563586454e+00
2.222258721503186374e-01 3.492953749346360048e+00
2.223901189146573754e-01 3.684132349389627858e+00
2.225543656789961133e-01 3.509940113219321312e+00
2.227186124433348513e-01 3.540410448704107260e+00
2.228828592076736170e-01 3.611156644461421372e+00
2.230471059720123550e-01 3.637678972831144275e+00
2.232113527363510930e-01 3.555863943859450149e+00
2.233755995006898309e-01 3.609254982410876167e+00
2.235398462650285689e-01 3.681611323800364488e+00
2.237040930293673069e-01 3.691873090597038942e+00
2.238683397937060726e-01 3.721178095109563433e+00
2.240325865580448106e-01 3.769271515861298827e+00
2.241968333223835486e-01 3.689746125422916023e+00
2.243610800867222865e-01 3.615501487046727913e+00
2.245253268510610245e-01 3.693963408563258888e+00
2.246895736153997625e-01 3.665759909841458164e+00
2.248538203797385282e-01 3.668951272448354839e+00
2.250180671440772662e-01 3.645349806725356245e+00
2.251823139084160041e-01 3.566516677611473618e+00
2.253465606727547421e-01 3.558386584230748273e+00
2.255108074370934801e-01 3.626339638550085454e+00
2.256750542014322181e-01 3.644525765187238253e+00
2.258393009657709838e-01 3.584628543921853705e+00
2.260035477301097218e-01 3.665087961620153933e+00
2.261677944944484597e-01 3.785878852861030985e+00
2.263320412587871977e-01 3.508118335578718217e+00
2.264962880231259357e-01 3.677566163188358939e+00
2.266605347874646736e-01 3.630742511198753242e+00
2.268247815518034394e-01 3.668614912234386516e+00
2.269890283161421773e-01 3.604826588758363926e+00
2.271532750804809153e-01 3.625831203196050900e+00
2.273175218448196533e-01 3.646177542842434782e+00
2.274817686091583913e-01 3.615121129788414045e+00
2.276460153734971292e-01 3.526750839971739104e+00
2.278102621378358950e-01 3.620651580946084636e+00
2.279745089021746329e-01 3.534914038308431650e+00
2.281387556665133709e-01 3.685805958558047823e+00
2.283030024308521089e-01 3.502820150581665182e+00
2.284672491951908468e-01 3.713744366741085212e+00
2.286314959595295848e-01 3.670448797384551209e+00
2.287957427238683505e-01 3.671031888698239598e+00
2.289599894882070885e-01 3.482234878190103800e+00
2.291242362525458265e-01 3.616166340404954660e+00
2.292884830168845645e-01 3.724378663016832736e+00
2.294527297812233024e-01 3.602929438423677411e+00
2.296169765455620404e-01 3.562487731774492072e+00
2.297812233099008061e-01 3.594926530831890510e+00
2.299454700742395441e-01 3.636620063082657506e+00
2.301097168385782821e-01 3.579880876295337355e+00
2.302739636029170200e-01 3.732068654115621165e+00
2.304382103672557580e-01 3.637781161219166393e+00
2.306024571315944960e-01 3.602314993660719278e+00
2.307667038959332617e-01 3.548272244188039881e+00
2.309309506602719997e-01 3.678689820685832057e+00
2.310951974246107377e-01 3.677331158496876640e+00
2.312594441889494756e-01 3.586250120723286638e+00
2.314236909532882136e-01 3.481287753597998247e+00
2.315879377176269516e-01 3.674523037469898501e+00
2.317521844819656895e-01 3.631261931609689242e+00
2.319164312463044553e-01 3.669677516848315335e+00
2.320806780106431932e-01 3.788170354845961540e+00
2.322449247749819312e-01 3.643814128597280266e+00
2.324091715393206692e-01 3.608597332527055723e+00
2.325734183036594072e-01 3.562692381014503695e+00
2.327376650679981451e-01 3.623873578245444538e+00
2.329019118323369109e-01 3.658667675699114330e+00
2.330661585966756488e-01 3.651139383195388888e+00
2.332304053610143868e-01 3.773274580412640411e+00
2.333946521253531248e-01 3.684252963536144954e+00
2.335588988896918627e-01 3.638300654573562998e+00
2.337231456540306007e-01 3.596873929889554233e+00
2.338873924183693664e-01 3.668185324866566788e+00
2.340516391827081044e-01 3.582825303804262784e+00
2.342158859470468424e-01 3.662438151422038324e+00
2.343801327113855804e-01 3.685183938298919326e+00
2.345443794757243183e-01 3.634099337087556059e+00
2.347086262400630563e-01 3.604179687316241942e+00
2.348728730044018220e-01 3.490937995410326788e+00
2.350371197687405600e-01 3.734296420646370240e+00
2.352013665330792980e-01 3.680520479721567817e+00
2.353656132974180359e-01 3.682590772630648601e+00
2.355298600617567739e-01 3.537624551444606524e+00
2.356941068260955119e-01 3.752728550838648314e+00
2.358583535904342776e-01 3.618256363009917820e+00
2.360226003547730156e-01 3.631432521423188842e+00
2.361868471191117536e-01 3.574701863228162857e+00
2.363510938834504915e-01 3.522552583848256091e+00
2.365153406477892295e-01 3.737966250878832941e+00
2.366795874121279675e-01 3.747708039134982627e+00
2.368438341764667332e-01 3.641884667230762318e+00
2.370080809408054712e-01 3.604618013202933735e+00
2.371723277051442091e-01 3.627001983599156265e+00
2.373365744694829471e-01 3.629294029621237705e+00
2.375008212338216851e-01 3.567425753947329969e+00
2.376650679981604231e-01 3.634061230955417887e+00
2.378293147624991888e-01 3.666910049892487145e+00
2.379935615268379268e-01 3.730452123417784538e+00
2.381578082911766647e-01 3.657334027892977790e+00
2.383220550555154027e-01 3.541299077420176467e+00
2.384863018198541407e-01 3.682725317968415180e+00
2.386505485841928786e-01 3.638435523648726022e+00
2.388147953485316444e-01 3.757686039727593297e+00
2.389790421128703823e-01 3.762300379359241997e+00
2.391432888772091203e-01 3.765155528249403361e+00
2.393075356415478583e-01 3.617212790306245651e+00
2.394717824058865963e-01 3.804189278892143200e+00
2.396360291702253342e-01 3.684555050449013436e+00
2.398002759345641000e-01 3.778183319083636693e+00
2.399645226989028379e-01 3.622658841417576436e+00
2.401287694632415759e-01 3.637874519773712567e+00
2.402930162275803139e-01 3.680074008850216405e+00
2.404572629919190518e-01 3.671418172409791847e+00
2.406215097562577898e-01 3.752451178131687382e+00
2.407857565205965555e-01 3.643872605597620495e+00
2.409500032849352935e-01 3.746429151891482956e+00
2.411142500492740315e-01 3.715056839926243804e+00
2.412784968136127695e-01 3.646092104735639161e+00
2.414427435779515074e-01 3.709951588056449978e+00
2.416069903422902454e-01 3.627621435373434622e+00
2.417712371066290111e-01 3.834724694492805508e+00
2.419354838709677491e-01 3.467670382946393737e+00
2.420997306353064871e-01 3.712435409159250632e+00
2.422639773996452250e-01 3.534126916566716403e+00
2.424282241639839630e-01 3.647162997596093525e+00
2.425924709283227010e-01 3.657706062907350564e+00
2.427567176926614390e-01 3.774748036236746263e+00
2.429209644570002047e-01 3.613813532342819101e+00
2.430852112213389427e-01 3.760695517484516248e+00
2.432494579856776806e-01 3.578693871154945860e+00
2.434137047500164186e-01 3.764105268309718255e+00
2.435779515143551566e-01 3.630888439529714518e+00
2.437421982786938945e-01 3.671328394031686759e+00
2.439064450430326603e-01 3.641559227926909337e+00
2.440706918073713982e-01 3.760539351918973150e+00
2.442349385717101362e-01 3.746552959369926494e+00
2.443991853360488742e-01 3.699588872351411428e+00
2.445634321003876122e-01 3.582854861281646208e+00
2.447276788647263501e-01 3.615170776882496106e+00
2.448919256290651159e-01 3.592443435175542099e+00
2.450561723934038538e-01 3.503244171765221182e+00
2.452204191577425918e-01 3.760995486447515912e+00
2.453846659220813298e-01 3.644677487387478543e+00
2.455489126864200677e-01 3.644170111176472826e+00
2.457131594507588057e-01 3.779078610380407266e+00
2.458774062150975714e-01 3.634629644701913964e+00
2.460416529794363094e-01 3.608151923789108206e+00
2.462058997437750474e-01 3.653619464905619729e+00
2.463701465081137854e-01 3.587245802567295527e+00
2.465343932724525233e-01 3.695948981930587962e+00
2.466986400367912613e-01 3.643510637018481102e+00
2.468628868011300270e-01 3.633973991136369097e+00
2.470271335654687650e-01 3.627885204610885150e+00
2.471913803298075030e-01 3.663970181783922087e+00
2.473556270941462409e-01 3.678176442064350571e+00
2.475198738584849789e-01 3.634129894250745618e+00
2.476841206228237169e-01 3.646242611170038561e+00
2.478483673871624826e-01 3.666880420445369992e+00
2.480126141515012206e-01 3.659741912915143836e+00
2.481768609158399586e-01 3.675699738634773617e+00
2.483411076801786965e-01 3.623972602288165312e+00
2.485053544445174345e-01 3.747780246540265203e+00
2.486696012088561725e-01 3.681351971218522756e+00
2.488338479731949382e-01 3.637481643786892871e+00
2.489980947375336762e-01 3.700092806643452636e+00
2.491623415018724141e-01 3.669588298656151437e+00
2.493265882662111521e-01 3.547879084752735057e+00
2.494908350305498901e-01 3.700662704013562454e+00
2.496550817948886281e-01 3.600918871633313145e+00
2.498193285592273938e-01 3.744843602438645114e+00
2.499835753235661318e-01 3.658637662431031057e+00
2.501478220879048697e-01 3.734045580914845175e+00
