1.031250000000000083e-01 1.995262314968879513e+00 1.000000000002351452e+00
1.431250000000000022e-01 1.995262314968879513e+00 1.000000103473657198e+00
2.718749999999999986e-02 1.995262314968879513e+00 1.000000000000000000e+00
1.162500000000000061e-01 1.995262314968879513e+00 1.000000000188907778e+00
3.093749999999999972e-02 1.995262314968879513e+00 1.000000000000000000e+00
2.071874999999999967e-01 1.995262314968879513e+00 1.000278610252633316e+00
4.062500000000000139e-02 1.995262314968879513e+00 1.000000000000000000e+00
2.065625000000000100e-01 1.995262314968879513e+00 1.000265007152632446e+00
9.625000000000000222e-02 1.995262314968879513e+00 1.000000000000142331e+00
2.403125000000000122e-01 1.995262314968879513e+00 1.002530024972249745e+00
1.071875000000000050e-01 1.995262314968879513e+00 1.000000000010330625e+00
1.534375000000000044e-01 1.995262314968879513e+00 1.000000615201550369e+00
1.290624999999999967e-01 1.995262314968879513e+00 1.000000005456016750e+00
1.203125000000000028e-01 1.995262314968879513e+00 1.000000000596874994e+00
5.968750000000000444e-02 1.995262314968879513e+00 1.000000000000000000e+00
8.625000000000000722e-02 1.995262314968879513e+00 1.000000000000000666e+00
5.000000000000000278e-02 1.995262314968879513e+00 1.000000000000000000e+00
1.434374999999999956e-01 1.995262314968879513e+00 1.000000109675455828e+00
9.781249999999999667e-02 1.995262314968879513e+00 1.000000000000279776e+00
6.562499999999999757e-03 1.995262314968879513e+00 1.000000000000000000e+00
7.875000000000000056e-02 1.995262314968879513e+00 1.000000000000000000e+00
2.334374999999999922e-01 1.995262314968879513e+00 1.001705534995118496e+00
1.750000000000000167e-01 1.995262314968879513e+00 1.000012048082183691e+00
1.481250000000000067e-01 1.995262314968879513e+00 1.000000254191155680e+00
1.812499999999999875e-02 1.995262314968879513e+00 1.000000000000000000e+00
1.593750000000000167e-01 1.995262314968879513e+00 1.000001528618069013e+00
2.128125000000000155e-01 1.995262314968879513e+00 1.000430262449452101e+00
1.484375000000000000e-01 1.995262314968879513e+00 1.000000268280182958e+00
2.184375000000000067e-01 1.995262314968879513e+00 1.000646715697879996e+00
2.443750000000000089e-01 1.995262314968879513e+00 1.003152164131467350e+00
5.906250000000000389e-02 1.995262314968879513e+00 1.000000000000000000e+00
2.143750000000000100e-01 1.995262314968879513e+00 1.000483095481482509e+00
1.756250000000000033e-01 1.995262314968879513e+00 1.000012972106042231e+00
1.768750000000000044e-01 1.995262314968879513e+00 1.000015011112489249e+00
7.593750000000000500e-02 1.995262314968879513e+00 1.000000000000000000e+00
1.575000000000000011e-01 1.995262314968879513e+00 1.000001156344413111e+00
4.062500000000000139e-02 1.995262314968879513e+00 1.000000000000000000e+00
1.512499999999999956e-01 1.995262314968879513e+00 1.000000431121709665e+00
2.018749999999999989e-01 1.995262314968879513e+00 1.000179902229621387e+00
6.250000000000000347e-03 1.995262314968879513e+00 1.000000000000000000e+00
5.187500000000000444e-02 1.995262314968879513e+00 1.000000000000000000e+00
8.531249999999999944e-02 1.995262314968879513e+00 1.000000000000000000e+00
1.209375000000000033e-01 1.995262314968879513e+00 1.000000000707187864e+00
1.875000000000000000e-01 1.995262314968879513e+00 1.000047430767600165e+00
9.843749999999999722e-02 1.995262314968879513e+00 1.000000000000363931e+00
4.062500000000000139e-03 1.995262314968879513e+00 1.000000000000000000e+00
7.531250000000000444e-02 1.995262314968879513e+00 1.000000000000000000e+00
2.424999999999999933e-01 1.995262314968879513e+00 1.002851322580597060e+00
1.078125000000000056e-01 1.995262314968879513e+00 1.000000000012837287e+00
1.762499999999999900e-01 1.995262314968879513e+00 1.000013958578682693e+00
1.059375000000000039e-01 1.995262314968879513e+00 1.000000000006635803e+00
2.843750000000000097e-02 1.995262314968879513e+00 1.000000000000000000e+00
1.143750000000000044e-01 1.995262314968879513e+00 1.000000000107824194e+00
1.418750000000000011e-01 1.995262314968879513e+00 1.000000081748478431e+00
1.334375000000000144e-01 1.995262314968879513e+00 1.000000014660196834e+00
1.587500000000000022e-01 1.995262314968879513e+00 1.000001393968951158e+00
2.421875000000000000e-01 1.995262314968879513e+00 1.002803510049702584e+00
1.062500000000000076e-02 1.995262314968879513e+00 1.000000000000000000e+00
6.406249999999999445e-02 1.995262314968879513e+00 1.000000000000000000e+00
2.500000000000000139e-02 1.995262314968879513e+00 1.000000000000000000e+00
1.753125000000000100e-01 1.995262314968879513e+00 1.000012502507302115e+00
1.209375000000000033e-01 1.995262314968879513e+00 1.000000000707187864e+00
3.125000000000000065e-04 1.995262314968879513e+00 1.000000000000000000e+00
1.215625000000000039e-01 1.995262314968879513e+00 1.000000000836309244e+00
1.765625000000000111e-01 1.995262314968879513e+00 1.000014476355589155e+00
3.281250000000000139e-02 1.995262314968879513e+00 1.000000000000000000e+00
2.409374999999999989e-01 1.995262314968879513e+00 1.002618677874776543e+00
1.487499999999999933e-01 1.995262314968879513e+00 1.000000283078775754e+00
2.193750000000000144e-01 1.995262314968879513e+00 1.000690450687755639e+00
1.253124999999999933e-01 1.995262314968879513e+00 1.000000002202204863e+00
2.278125000000000011e-01 1.995262314968879513e+00 1.001207807863337740e+00
1.734374999999999944e-01 1.995262314968879513e+00 1.000009988997539567e+00
5.031250000000000305e-02 1.995262314968879513e+00 1.000000000000000000e+00
6.281250000000000722e-02 1.995262314968879513e+00 1.000000000000000000e+00
8.406249999999999833e-02 1.995262314968879513e+00 1.000000000000000000e+00
8.437500000000000555e-02 1.995262314968879513e+00 1.000000000000000000e+00
1.421874999999999944e-01 1.995262314968879513e+00 1.000000086746825501e+00
1.440625000000000100e-01 1.995262314968879513e+00 1.000000123113307993e+00
2.268749999999999933e-01 1.995262314968879513e+00 1.001137931037458628e+00
7.843750000000000722e-02 1.995262314968879513e+00 1.000000000000000000e+00
2.190624999999999933e-01 1.995262314968879513e+00 1.000675604870415514e+00
9.218750000000000555e-02 1.995262314968879513e+00 1.000000000000021982e+00
2.262500000000000067e-01 1.995262314968879513e+00 1.001093233586730857e+00
2.246875000000000122e-01 1.995262314968879513e+00 1.000987822029859142e+00
2.337500000000000133e-01 1.995262314968879513e+00 1.001737488108584762e+00
1.053125000000000033e-01 1.995262314968879513e+00 1.000000000005296208e+00
1.625000000000000056e-02 1.995262314968879513e+00 1.000000000000000000e+00
2.471875000000000044e-01 1.995262314968879513e+00 1.003650651011054551e+00
6.750000000000000444e-02 1.995262314968879513e+00 1.000000000000000000e+00
2.384374999999999967e-01 1.995262314968879513e+00 1.002278527398707153e+00
5.843750000000000333e-02 1.995262314968879513e+00 1.000000000000000000e+00
1.184375000000000011e-01 1.995262314968879513e+00 1.000000000354716700e+00
1.537499999999999978e-01 1.995262314968879513e+00 1.000000646660628822e+00
1.250000000000000069e-02 1.995262314968879513e+00 1.000000000000000000e+00
4.875000000000000167e-02 1.995262314968879513e+00 1.000000000000000000e+00
4.375000000000000416e-03 1.995262314968879513e+00 1.000000000000000000e+00
2.000000000000000042e-02 1.995262314968879513e+00 1.000000000000000000e+00
1.625000000000000056e-01 1.995262314968879513e+00 1.000002395113109621e+00
1.071875000000000050e-01 1.995262314968879513e+00 1.000000000010330625e+00
4.000000000000000083e-02 1.995262314968879513e+00 1.000000000000000000e+00
2.021874999999999922e-01 1.995262314968879513e+00 1.000184732208355243e+00
1.471874999999999989e-01 1.995262314968879513e+00 1.000000215879896848e+00
1.937499999999999986e-02 1.995262314968879513e+00 1.000000000000000000e+00
4.312500000000000361e-02 1.995262314968879513e+00 1.000000000000000000e+00
1.556250000000000133e-01 1.995262314968879513e+00 1.000000868134836018e+00
1.849999999999999978e-01 1.995262314968879513e+00 1.000036685257158942e+00
1.221875000000000044e-01 1.995262314968879513e+00 1.000000000987171678e+00
2.106250000000000067e-01 1.995262314968879513e+00 1.000364574654167615e+00
1.306249999999999911e-01 1.995262314968879513e+00 1.000000007830499360e+00
8.999999999999999667e-02 1.995262314968879513e+00 1.000000000000007550e+00
1.181250000000000078e-01 1.995262314968879513e+00 1.000000000324683835e+00
2.412499999999999922e-01 1.995262314968879513e+00 1.002663935780727211e+00
1.528124999999999900e-01 1.995262314968879513e+00 1.000000556419145203e+00
7.187500000000000833e-02 1.995262314968879513e+00 1.000000000000000000e+00
1.250000000000000069e-02 1.995262314968879513e+00 1.000000000000000000e+00
8.437500000000000555e-03 1.995262314968879513e+00 1.000000000000000000e+00
4.187500000000000250e-02 1.995262314968879513e+00 1.000000000000000000e+00
6.250000000000000000e-02 1.995262314968879513e+00 1.000000000000000000e+00
2.434375000000000011e-01 1.995262314968879513e+00 1.002998712157442407e+00
1.000000000000000021e-02 1.995262314968879513e+00 1.000000000000000000e+00
1.468750000000000090e-02 1.995262314968879513e+00 1.000000000000000000e+00
1.568750000000000144e-01 1.995262314968879513e+00 1.000001051861323154e+00
1.268750000000000155e-01 1.995262314968879513e+00 1.000000003236768409e+00
1.790625000000000133e-01 1.995262314968879513e+00 1.000019271426571210e+00
2.271875000000000144e-01 1.995262314968879513e+00 1.001160841145437796e+00
3.062499999999999944e-02 1.995262314968879513e+00 1.000000000000000000e+00
2.134375000000000022e-01 1.995262314968879513e+00 1.000450776107306261e+00
2.265625000000000000e-01 1.995262314968879513e+00 1.001115396755170917e+00
1.031250000000000083e-01 2.960932939627083371e+00 1.000000003190268272e+00
1.431250000000000022e-01 2.960932939627083371e+00 1.000035465924445033e+00
2.718749999999999986e-02 2.960932939627083371e+00 1.000000000000000000e+00
1.162500000000000061e-01 2.960932939627083371e+00 1.000000155249788580e+00
3.093749999999999972e-02 2.960932939627083371e+00 1.000000000000000000e+00
2.071874999999999967e-01 2.960932939627083371e+00 1.019271833942569039e+00
4.062500000000000139e-02 2.960932939627083371e+00 1.000000000000000000e+00
2.065625000000000100e-01 2.960932939627083371e+00 1.018578332827019928e+00
9.625000000000000222e-02 2.960932939627083371e+00 1.000000000256122012e+00
2.403125000000000122e-01 2.960932939627083371e+00 1.090176740535232724e+00
1.071875000000000050e-01 2.960932939627083371e+00 1.000000011931325705e+00
1.534375000000000044e-01 2.960932939627083371e+00 1.000156964173735563e+00
1.290624999999999967e-01 2.960932939627083371e+00 1.000002891393617643e+00
1.203125000000000028e-01 2.960932939627083371e+00 1.000000424709871272e+00
5.968750000000000444e-02 2.960932939627083371e+00 1.000000000000000000e+00
8.625000000000000722e-02 2.960932939627083371e+00 1.000000000002887246e+00
5.000000000000000278e-02 2.960932939627083371e+00 1.000000000000000000e+00
1.434374999999999956e-01 2.960932939627083371e+00 1.000037246463835849e+00
9.781249999999999667e-02 2.960932939627083371e+00 1.000000000470644856e+00
6.562499999999999757e-03 2.960932939627083371e+00 1.000000000000000000e+00
7.875000000000000056e-02 2.960932939627083371e+00 1.000000000000042855e+00
2.334374999999999922e-01 2.960932939627083371e+00 1.069246799091099209e+00
1.750000000000000167e-01 2.960932939627083371e+00 1.001747860919683264e+00
1.481250000000000067e-01 2.960932939627083371e+00 1.000075332337365230e+00
1.812499999999999875e-02 2.960932939627083371e+00 1.000000000000000000e+00
1.593750000000000167e-01 2.960932939627083371e+00 1.000331677305132505e+00
2.128125000000000155e-01 2.960932939627083371e+00 1.026420041779722903e+00
1.484375000000000000e-01 2.960932939627083371e+00 1.000078800042139671e+00
2.184375000000000067e-01 2.960932939627083371e+00 1.035349827950192925e+00
2.443750000000000089e-01 2.960932939627083371e+00 1.104208122422916327e+00
5.906250000000000389e-02 2.960932939627083371e+00 1.000000000000000000e+00
2.143750000000000100e-01 2.960932939627083371e+00 1.028713050230102510e+00
1.756250000000000033e-01 2.960932939627083371e+00 1.001853060598793199e+00
1.768750000000000044e-01 2.960932939627083371e+00 1.002079377167597540e+00
7.593750000000000500e-02 2.960932939627083371e+00 1.000000000000007105e+00
1.575000000000000011e-01 2.960932939627083371e+00 1.000263919842444116e+00
4.062500000000000139e-02 2.960932939627083371e+00 1.000000000000000000e+00
1.512499999999999956e-01 2.960932939627083371e+00 1.000116927277709289e+00
2.018749999999999989e-01 2.960932939627083371e+00 1.013962243788951501e+00
6.250000000000000347e-03 2.960932939627083371e+00 1.000000000000000000e+00
5.187500000000000444e-02 2.960932939627083371e+00 1.000000000000000000e+00
8.531249999999999944e-02 2.960932939627083371e+00 1.000000000001785461e+00
1.209375000000000033e-01 2.960932939627083371e+00 1.000000492384326645e+00
1.875000000000000000e-01 2.960932939627083371e+00 1.005095252221801294e+00
9.843749999999999722e-02 2.960932939627083371e+00 1.000000000596687366e+00
4.062500000000000139e-03 2.960932939627083371e+00 1.000000000000000000e+00
7.531250000000000444e-02 2.960932939627083371e+00 1.000000000000004663e+00
2.424999999999999933e-01 2.960932939627083371e+00 1.097578047554975011e+00
1.078125000000000056e-01 2.960932939627083371e+00 1.000000014469842435e+00
1.762499999999999900e-01 2.960932939627083371e+00 1.001963499787483558e+00
1.059375000000000039e-01 2.960932939627083371e+00 1.000000008049131806e+00
2.843750000000000097e-02 2.960932939627083371e+00 1.000000000000000000e+00
1.143750000000000044e-01 2.960932939627083371e+00 1.000000094867543154e+00
1.418750000000000011e-01 2.960932939627083371e+00 1.000029078046061226e+00
1.334375000000000144e-01 2.960932939627083371e+00 1.000006752999149873e+00
1.587500000000000022e-01 2.960932939627083371e+00 1.000307586501995916e+00
2.421875000000000000e-01 2.960932939627083371e+00 1.096498704328807250e+00
1.062500000000000076e-02 2.960932939627083371e+00 1.000000000000000000e+00
6.406249999999999445e-02 2.960932939627083371e+00 1.000000000000000000e+00
2.500000000000000139e-02 2.960932939627083371e+00 1.000000000000000000e+00
1.753125000000000100e-01 2.960932939627083371e+00 1.001799818061143599e+00
1.209375000000000033e-01 2.960932939627083371e+00 1.000000492384326645e+00
3.125000000000000065e-04 2.960932939627083371e+00 1.000000000000000000e+00
1.215625000000000039e-01 2.960932939627083371e+00 1.000000569829671893e+00
1.765625000000000111e-01 2.960932939627083371e+00 1.002020746109217875e+00
3.281250000000000139e-02 2.960932939627083371e+00 1.000000000000000000e+00
2.409374999999999989e-01 2.960932939627083371e+00 1.092254712886261636e+00
1.487499999999999933e-01 2.960932939627083371e+00 1.000082407997750833e+00
2.193750000000000144e-01 2.960932939627083371e+00 1.037025378327233183e+00
1.253124999999999933e-01 2.960932939627083371e+00 1.000001320889841505e+00
2.278125000000000011e-01 2.960932939627083371e+00 1.054705342400783508e+00
1.734374999999999944e-01 2.960932939627083371e+00 1.001506521674922601e+00
5.031250000000000305e-02 2.960932939627083371e+00 1.000000000000000000e+00
6.281250000000000722e-02 2.960932939627083371e+00 1.000000000000000000e+00
8.406249999999999833e-02 2.960932939627083371e+00 1.000000000000923706e+00
8.437500000000000555e-02 2.960932939627083371e+00 1.000000000001091127e+00
1.421874999999999944e-01 2.960932939627083371e+00 1.000030570388477980e+00
1.440625000000000100e-01 2.960932939627083371e+00 1.000041048064943761e+00
2.268749999999999933e-01 2.960932939627083371e+00 1.052501392283161641e+00
7.843750000000000722e-02 2.960932939627083371e+00 1.000000000000035305e+00
2.190624999999999933e-01 2.960932939627083371e+00 1.036460704283904910e+00
9.218750000000000555e-02 2.960932939627083371e+00 1.000000000047210680e+00
2.262500000000000067e-01 2.960932939627083371e+00 1.051066222715315801e+00
2.246875000000000122e-01 2.960932939627083371e+00 1.047596474646449893e+00
2.337500000000000133e-01 2.960932939627083371e+00 1.070122043207247131e+00
1.053125000000000033e-01 2.960932939627083371e+00 1.000000006584799372e+00
1.625000000000000056e-02 2.960932939627083371e+00 1.000000000000000000e+00
2.471875000000000044e-01 2.960932939627083371e+00 1.114647057537216046e+00
6.750000000000000444e-02 2.960932939627083371e+00 1.000000000000000000e+00
2.384374999999999967e-01 2.960932939627083371e+00 1.084118734210587798e+00
5.843750000000000333e-02 2.960932939627083371e+00 1.000000000000000000e+00
1.184375000000000011e-01 2.960932939627083371e+00 1.000000269590223922e+00
1.537499999999999978e-01 2.960932939627083371e+00 1.000163567350033977e+00
1.250000000000000069e-02 2.960932939627083371e+00 1.000000000000000000e+00
4.875000000000000167e-02 2.960932939627083371e+00 1.000000000000000000e+00
4.375000000000000416e-03 2.960932939627083371e+00 1.000000000000000000e+00
2.000000000000000042e-02 2.960932939627083371e+00 1.000000000000000000e+00
1.625000000000000056e-01 2.960932939627083371e+00 1.000478218475736591e+00
1.071875000000000050e-01 2.960932939627083371e+00 1.000000011931325705e+00
4.000000000000000083e-02 2.960932939627083371e+00 1.000000000000000000e+00
2.021874999999999922e-01 2.960932939627083371e+00 1.014239316003933133e+00
1.471874999999999989e-01 2.960932939627083371e+00 1.000065724474527906e+00
1.937499999999999986e-02 2.960932939627083371e+00 1.000000000000000000e+00
4.312500000000000361e-02 2.960932939627083371e+00 1.000000000000000000e+00
1.556250000000000133e-01 2.960932939627083371e+00 1.000208531205965645e+00
1.849999999999999978e-01 2.960932939627083371e+00 1.004179157769350850e+00
1.221875000000000044e-01 2.960932939627083371e+00 1.000000658304946999e+00
2.106250000000000067e-01 2.960932939627083371e+00 1.023439986697858961e+00
1.306249999999999911e-01 2.960932939627083371e+00 1.000003945091106905e+00
8.999999999999999667e-02 2.960932939627083371e+00 1.000000000017688517e+00
1.181250000000000078e-01 2.960932939627083371e+00 1.000000249514571671e+00
2.412499999999999922e-01 2.960932939627083371e+00 1.093304703618181994e+00
1.528124999999999900e-01 2.960932939627083371e+00 1.000144454632176272e+00
7.187500000000000833e-02 2.960932939627083371e+00 1.000000000000000000e+00
1.250000000000000069e-02 2.960932939627083371e+00 1.000000000000000000e+00
8.437500000000000555e-03 2.960932939627083371e+00 1.000000000000000000e+00
4.187500000000000250e-02 2.960932939627083371e+00 1.000000000000000000e+00
6.250000000000000000e-02 2.960932939627083371e+00 1.000000000000000000e+00
2.434375000000000011e-01 2.960932939627083371e+00 1.100860093871612877e+00
1.000000000000000021e-02 2.960932939627083371e+00 1.000000000000000000e+00
1.468750000000000090e-02 2.960932939627083371e+00 1.000000000000000000e+00
1.568750000000000144e-01 2.960932939627083371e+00 1.000244183903675976e+00
1.268750000000000155e-01 2.960932939627083371e+00 1.000001843004342916e+00
1.790625000000000133e-01 2.960932939627083371e+00 1.002530748024842655e+00
2.271875000000000144e-01 2.960932939627083371e+00 1.053229195066267554e+00
3.062499999999999944e-02 2.960932939627083371e+00 1.000000000000000000e+00
2.134375000000000022e-01 2.960932939627083371e+00 1.027320485154462393e+00
2.265625000000000000e-01 2.960932939627083371e+00 1.051780408686220136e+00
1.031250000000000083e-01 4.393970560760790178e+00 1.000009051971091134e+00
1.431250000000000022e-01 4.393970560760790178e+00 1.011500591304630658e+00
2.718749999999999986e-02 4.393970560760790178e+00 1.000000000000000000e+00
1.162500000000000061e-01 4.393970560760790178e+00 1.000200823828465202e+00
3.093749999999999972e-02 4.393970560760790178e+00 1.000000000000000000e+00
2.071874999999999967e-01 4.393970560760790178e+00 1.511817227493899907e+00
4.062500000000000139e-02 4.393970560760790178e+00 1.000000000000000000e+00
2.065625000000000100e-01 4.393970560760790178e+00 1.503305561903178988e+00
9.625000000000000222e-02 4.393970560760790178e+00 1.000001140499282792e+00
2.403125000000000122e-01 4.393970560760790178e+00 1.947277441386988883e+00
1.071875000000000050e-01 4.393970560760790178e+00 1.000026292386956062e+00
1.534375000000000044e-01 4.393970560760790178e+00 1.031810615150591026e+00
1.290624999999999967e-01 4.393970560760790178e+00 1.001872933202511362e+00
1.203125000000000028e-01 4.393970560760790178e+00 1.000438058013565890e+00
5.968750000000000444e-02 4.393970560760790178e+00 1.000000000000000000e+00
8.625000000000000722e-02 4.393970560760790178e+00 1.000000026308131229e+00
5.000000000000000278e-02 4.393970560760790178e+00 1.000000000000000000e+00
1.434374999999999956e-01 4.393970560760790178e+00 1.011901943958590566e+00
9.781249999999999667e-02 4.393970560760790178e+00 1.000001886569536147e+00
6.562499999999999757e-03 4.393970560760790178e+00 1.000000000000000000e+00
7.875000000000000056e-02 4.393970560760790178e+00 1.000000000708937353e+00
2.334374999999999922e-01 4.393970560760790178e+00 1.863981408423887265e+00
1.750000000000000167e-01 4.393970560760790178e+00 1.144728852367252081e+00
1.481250000000000067e-01 4.393970560760790178e+00 1.019378776380340801e+00
1.812499999999999875e-02 4.393970560760790178e+00 1.000000000000000000e+00
1.593750000000000167e-01 4.393970560760790178e+00 1.051942115586273152e+00
2.128125000000000155e-01 4.393970560760790178e+00 1.589029805075466317e+00
1.484375000000000000e-01 4.393970560760790178e+00 1.019984215422943485e+00
2.184375000000000067e-01 4.393970560760790178e+00 1.666333418936388533e+00
2.443750000000000089e-01 4.393970560760790178e+00 1.993833739762352009e+00
5.906250000000000389e-02 4.393970560760790178e+00 1.000000000000000000e+00
2.143750000000000100e-01 4.393970560760790178e+00 1.610552190119528770e+00
1.756250000000000033e-01 4.393970560760790178e+00 1.149756309718781955e+00
1.768750000000000044e-01 4.393970560760790178e+00 1.160117883906250258e+00
7.593750000000000500e-02 4.393970560760790178e+00 1.000000000145981227e+00
1.575000000000000011e-01 4.393970560760790178e+00 1.044793332809684339e+00
4.062500000000000139e-02 4.393970560760790178e+00 1.000000000000000000e+00
1.512499999999999956e-01 4.393970560760790178e+00 1.026117867441866949e+00
2.018749999999999989e-01 4.393970560760790178e+00 1.440287859275390714e+00
6.250000000000000347e-03 4.393970560760790178e+00 1.000000000000000000e+00
5.187500000000000444e-02 4.393970560760790178e+00 1.000000000000000000e+00
8.531249999999999944e-02 4.393970560760790178e+00 1.000000017464435009e+00
1.209375000000000033e-01 4.393970560760790178e+00 1.000490774795327109e+00
1.875000000000000000e-01 4.393970560760790178e+00 1.263919732382319028e+00
9.843749999999999722e-02 4.393970560760790178e+00 1.000002294358642185e+00
4.062500000000000139e-03 4.393970560760790178e+00 1.000000000000000000e+00
7.531250000000000444e-02 4.393970560760790178e+00 1.000000000100780717e+00
2.424999999999999933e-01 4.393970560760790178e+00 1.972600157154443146e+00
1.078125000000000056e-01 4.393970560760790178e+00 1.000030695217684507e+00
1.762499999999999900e-01 4.393970560760790178e+00 1.154886119992603266e+00
1.059375000000000039e-01 4.393970560760790178e+00 1.000019152977350556e+00
2.843750000000000097e-02 4.393970560760790178e+00 1.000000000000000000e+00
1.143750000000000044e-01 4.393970560760790178e+00 1.000136570688348492e+00
1.418750000000000011e-01 4.393970560760790178e+00 1.010002354455717732e+00
1.334375000000000144e-01 4.393970560760790178e+00 1.003503002152050128e+00
1.587500000000000022e-01 4.393970560760790178e+00 1.049473702627828908e+00
2.421875000000000000e-01 4.393970560760790178e+00 1.969018719991784794e+00
1.062500000000000076e-02 4.393970560760790178e+00 1.000000000000000000e+00
6.406249999999999445e-02 4.393970560760790178e+00 1.000000000000027756e+00
2.500000000000000139e-02 4.393970560760790178e+00 1.000000000000000000e+00
1.753125000000000100e-01 4.393970560760790178e+00 1.147229764914859951e+00
1.209375000000000033e-01 4.393970560760790178e+00 1.000490774795327109e+00
3.125000000000000065e-04 4.393970560760790178e+00 1.000000000000000000e+00
1.215625000000000039e-01 4.393970560760790178e+00 1.000548947919046139e+00
1.765625000000000111e-01 4.393970560760790178e+00 1.157489285634613951e+00
3.281250000000000139e-02 4.393970560760790178e+00 1.000000000000000000e+00
2.409374999999999989e-01 4.393970560760790178e+00 1.954572451260977894e+00
1.487499999999999933e-01 4.393970560760790178e+00 1.020604278073151905e+00
2.193750000000000144e-01 4.393970560760790178e+00 1.679133574332026368e+00
1.253124999999999933e-01 4.393970560760790178e+00 1.001040669754726498e+00
2.278125000000000011e-01 4.393970560760790178e+00 1.792020397027729750e+00
1.734374999999999944e-01 4.393970560760790178e+00 1.132609941656724573e+00
5.031250000000000305e-02 4.393970560760790178e+00 1.000000000000000000e+00
6.281250000000000722e-02 4.393970560760790178e+00 1.000000000000008882e+00
8.406249999999999833e-02 4.393970560760790178e+00 1.000000009939285173e+00
8.437500000000000555e-02 4.393970560760790178e+00 1.000000011465255412e+00
1.421874999999999944e-01 4.393970560760790178e+00 1.010361252313374703e+00
1.440625000000000100e-01 4.393970560760790178e+00 1.012738267297625505e+00
2.268749999999999933e-01 4.393970560760790178e+00 1.779736427902058216e+00
7.843750000000000722e-02 4.393970560760790178e+00 1.000000000598787686e+00
2.190624999999999933e-01 4.393970560760790178e+00 1.674870895833590723e+00
9.218750000000000555e-02 4.393970560760790178e+00 1.000000278607815263e+00
2.262500000000000067e-01 4.393970560760790178e+00 1.771505671546381722e+00
2.246875000000000122e-01 4.393970560760790178e+00 1.750791821256303837e+00
2.337500000000000133e-01 4.393970560760790178e+00 1.867884175758453225e+00
1.053125000000000033e-01 4.393970560760790178e+00 1.000016287107789337e+00
1.625000000000000056e-02 4.393970560760790178e+00 1.000000000000000000e+00
2.471875000000000044e-01 4.393970560760790178e+00 2.024858325943487802e+00
6.750000000000000444e-02 4.393970560760790178e+00 1.000000000000484501e+00
2.384374999999999967e-01 4.393970560760790178e+00 1.925108491397109489e+00
5.843750000000000333e-02 4.393970560760790178e+00 1.000000000000000000e+00
1.184375000000000011e-01 4.393970560760790178e+00 1.000308426105577464e+00
1.537499999999999978e-01 4.393970560760790178e+00 1.032694674193307849e+00
1.250000000000000069e-02 4.393970560760790178e+00 1.000000000000000000e+00
4.875000000000000167e-02 4.393970560760790178e+00 1.000000000000000000e+00
4.375000000000000416e-03 4.393970560760790178e+00 1.000000000000000000e+00
2.000000000000000042e-02 4.393970560760790178e+00 1.000000000000000000e+00
1.625000000000000056e-01 4.393970560760790178e+00 1.065621265845877463e+00
1.071875000000000050e-01 4.393970560760790178e+00 1.000026292386956062e+00
4.000000000000000083e-02 4.393970560760790178e+00 1.000000000000000000e+00
2.021874999999999922e-01 4.393970560760790178e+00 1.444433997219636057e+00
1.471874999999999989e-01 4.393970560760790178e+00 1.017647981443766891e+00
1.937499999999999986e-02 4.393970560760790178e+00 1.000000000000000000e+00
4.312500000000000361e-02 4.393970560760790178e+00 1.000000000000000000e+00
1.556250000000000133e-01 4.393970560760790178e+00 1.038391575580766668e+00
1.849999999999999978e-01 4.393970560760790178e+00 1.237093866582626989e+00
1.221875000000000044e-01 4.393970560760790178e+00 1.000613041334192710e+00
2.106250000000000067e-01 4.393970560760790178e+00 1.558915126683302121e+00
1.306249999999999911e-01 4.393970560760790178e+00 1.002358792976499435e+00
8.999999999999999667e-02 4.393970560760790178e+00 1.000000122108565703e+00
1.181250000000000078e-01 4.393970560760790178e+00 1.000290473909774658e+00
2.412499999999999922e-01 4.393970560760790178e+00 1.958202036867600304e+00
1.528124999999999900e-01 4.393970560760790178e+00 1.030096679412825011e+00
7.187500000000000833e-02 4.393970560760790178e+00 1.000000000011425971e+00
1.250000000000000069e-02 4.393970560760790178e+00 1.000000000000000000e+00
8.437500000000000555e-03 4.393970560760790178e+00 1.000000000000000000e+00
4.187500000000000250e-02 4.393970560760790178e+00 1.000000000000000000e+00
6.250000000000000000e-02 4.393970560760790178e+00 1.000000000000006661e+00
2.434375000000000011e-01 4.393970560760790178e+00 1.983271730552355283e+00
1.000000000000000021e-02 4.393970560760790178e+00 1.000000000000000000e+00
1.468750000000000090e-02 4.393970560760790178e+00 1.000000000000000000e+00
1.568750000000000144e-01 4.393970560760790178e+00 1.042578435746576826e+00
1.268750000000000155e-01 4.393970560760790178e+00 1.001337429515779753e+00
1.790625000000000133e-01 4.393970560760790178e+00 1.179224425992214664e+00
2.271875000000000144e-01 4.393970560760790178e+00 1.783839506818196696e+00
3.062499999999999944e-02 4.393970560760790178e+00 1.000000000000000000e+00
2.134375000000000022e-01 4.393970560760790178e+00 1.597639699281671488e+00
2.265625000000000000e-01 4.393970560760790178e+00 1.775625104051977932e+00
1.031250000000000083e-01 6.520572293428614330e+00 1.013816736069606650e+00
1.431250000000000022e-01 6.520572293428614330e+00 1.668118175893571697e+00
2.718749999999999986e-02 6.520572293428614330e+00 1.000000000000000000e+00
1.162500000000000061e-01 6.520572293428614330e+00 1.092026043939350322e+00
3.093749999999999972e-02 6.520572293428614330e+00 1.000000000000000000e+00
2.071874999999999967e-01 6.520572293428614330e+00 2.730942157917561453e+00
4.062500000000000139e-02 6.520572293428614330e+00 1.000000000000000000e+00
2.065625000000000100e-01 6.520572293428614330e+00 2.727007460228304758e+00
9.625000000000000222e-02 6.520572293428614330e+00 1.003471812564366017e+00
2.403125000000000122e-01 6.520572293428614330e+00 2.902094359106428989e+00
1.071875000000000050e-01 6.520572293428614330e+00 1.027237479280672661e+00
1.534375000000000044e-01 6.520572293428614330e+00 1.957647772312168577e+00
1.290624999999999967e-01 6.520572293428614330e+00 1.300896794483349606e+00
1.203125000000000028e-01 6.520572293428614330e+00 1.142139702425873038e+00
5.968750000000000444e-02 6.520572293428614330e+00 1.000000000151719748e+00
8.625000000000000722e-02 6.520572293428614330e+00 1.000239007724835094e+00
5.000000000000000278e-02 6.520572293428614330e+00 1.000000000000002887e+00
1.434374999999999956e-01 6.520572293428614330e+00 1.677043679752626915e+00
9.781249999999999667e-02 6.520572293428614330e+00 1.004889333997583067e+00
6.562499999999999757e-03 6.520572293428614330e+00 1.000000000000000000e+00
7.875000000000000056e-02 6.520572293428614330e+00 1.000015924171444137e+00
2.334374999999999922e-01 6.520572293428614330e+00 2.870351017699459106e+00
1.750000000000000167e-01 6.520572293428614330e+00 2.416769960779629578e+00
1.481250000000000067e-01 6.520572293428614330e+00 1.810799066097859455e+00
1.812499999999999875e-02 6.520572293428614330e+00 1.000000000000000000e+00
1.593750000000000167e-01 6.520572293428614330e+00 2.108955650865307341e+00
2.128125000000000155e-01 6.520572293428614330e+00 2.764556511381166537e+00
1.484375000000000000e-01 6.520572293428614330e+00 1.819636399820673489e+00
2.184375000000000067e-01 6.520572293428614330e+00 2.795584220859996805e+00
2.443750000000000089e-01 6.520572293428614330e+00 2.920312351955335117e+00
5.906250000000000389e-02 6.520572293428614330e+00 1.000000000087028162e+00
2.143750000000000100e-01 6.520572293428614330e+00 2.773399912329087780e+00
1.756250000000000033e-01 6.520572293428614330e+00 2.426323115128753649e+00
1.768750000000000044e-01 6.520572293428614330e+00 2.444852467139009278e+00
7.593750000000000500e-02 6.520572293428614330e+00 1.000004710576664069e+00
1.575000000000000011e-01 6.520572293428614330e+00 2.062978871877156006e+00
4.062500000000000139e-02 6.520572293428614330e+00 1.000000000000000000e+00
1.512499999999999956e-01 6.520572293428614330e+00 1.898183601605042847e+00
2.018749999999999989e-01 6.520572293428614330e+00 2.695924094892769851e+00
6.250000000000000347e-03 6.520572293428614330e+00 1.000000000000000000e+00
5.187500000000000444e-02 6.520572293428614330e+00 1.000000000000037970e+00
8.531249999999999944e-02 6.520572293428614330e+00 1.000176891837502913e+00
1.209375000000000033e-01 6.520572293428614330e+00 1.151171608026505977e+00
1.875000000000000000e-01 6.520572293428614330e+00 2.575040294506411698e+00
9.843749999999999722e-02 6.520572293428614330e+00 1.005579322780230322e+00
4.062500000000000139e-03 6.520572293428614330e+00 1.000000000000000000e+00
7.531250000000000444e-02 6.520572293428614330e+00 1.000003531327647188e+00
2.424999999999999933e-01 6.520572293428614330e+00 2.911949867240675616e+00
1.078125000000000056e-01 6.520572293428614330e+00 1.029995473602906886e+00
1.762499999999999900e-01 6.520572293428614330e+00 2.435682879658769284e+00
1.059375000000000039e-01 6.520572293428614330e+00 1.022320608066007219e+00
2.843750000000000097e-02 6.520572293428614330e+00 1.000000000000000000e+00
1.143750000000000044e-01 6.520572293428614330e+00 1.073697407711132978e+00
1.418750000000000011e-01 6.520572293428614330e+00 1.632515753474534037e+00
1.334375000000000144e-01 6.520572293428614330e+00 1.404089186722820459e+00
1.587500000000000022e-01 6.520572293428614330e+00 2.093829750520117994e+00
2.421875000000000000e-01 6.520572293428614330e+00 2.910548597594036835e+00
1.062500000000000076e-02 6.520572293428614330e+00 1.000000000000000000e+00
6.406249999999999445e-02 6.520572293428614330e+00 1.000000004974264112e+00
2.500000000000000139e-02 6.520572293428614330e+00 1.000000000000000000e+00
1.753125000000000100e-01 6.520572293428614330e+00 2.421570908667540323e+00
1.209375000000000033e-01 6.520572293428614330e+00 1.151171608026505977e+00
3.125000000000000065e-04 6.520572293428614330e+00 1.000000000000000000e+00
1.215625000000000039e-01 6.520572293428614330e+00 1.160563354392956104e+00
1.765625000000000111e-01 6.520572293428614330e+00 2.440291241089314500e+00
3.281250000000000139e-02 6.520572293428614330e+00 1.000000000000000000e+00
2.409374999999999989e-01 6.520572293428614330e+00 2.904921435155459086e+00
1.487499999999999933e-01 6.520572293428614330e+00 1.828455352921557475e+00
2.193750000000000144e-01 6.520572293428614330e+00 2.800557069281512490e+00
1.253124999999999933e-01 6.520572293428614330e+00 1.224466667836731970e+00
2.278125000000000011e-01 6.520572293428614330e+00 2.843357424606571815e+00
1.734374999999999944e-01 6.520572293428614330e+00 2.392020851521708735e+00
5.031250000000000305e-02 6.520572293428614330e+00 1.000000000000004441e+00
6.281250000000000722e-02 6.520572293428614330e+00 1.000000001961051543e+00
8.406249999999999833e-02 6.520572293428614330e+00 1.000116597282796116e+00
8.437500000000000555e-02 6.520572293428614330e+00 1.000129623639621768e+00
1.421874999999999944e-01 6.520572293428614330e+00 1.641397998112838819e+00
1.440625000000000100e-01 6.520572293428614330e+00 1.694912692280577948e+00
2.268749999999999933e-01 6.520572293428614330e+00 2.838752466240842320e+00
7.843750000000000722e-02 6.520572293428614330e+00 1.000013993111486421e+00
2.190624999999999933e-01 6.520572293428614330e+00 2.798905046593453516e+00
9.218750000000000555e-02 6.520572293428614330e+00 1.001304221048178622e+00
2.262500000000000067e-01 6.520572293428614330e+00 2.835663840807581604e+00
2.246875000000000122e-01 6.520572293428614330e+00 2.827873734182649645e+00
2.337500000000000133e-01 6.520572293428614330e+00 2.871821564075784483e+00
1.053125000000000033e-01 6.520572293428614330e+00 1.020141759107893176e+00
1.625000000000000056e-02 6.520572293428614330e+00 1.000000000000000000e+00
2.471875000000000044e-01 6.520572293428614330e+00 2.932716162417584815e+00
6.750000000000000444e-02 6.520572293428614330e+00 1.000000050805646135e+00
2.384374999999999967e-01 6.520572293428614330e+00 2.893557335185047652e+00
5.843750000000000333e-02 6.520572293428614330e+00 1.000000000049126925e+00
1.184375000000000011e-01 6.520572293428614330e+00 1.117183421833084722e+00
1.537499999999999978e-01 6.520572293428614330e+00 1.966000634797005375e+00
1.250000000000000069e-02 6.520572293428614330e+00 1.000000000000000000e+00
4.875000000000000167e-02 6.520572293428614330e+00 1.000000000000000222e+00
4.375000000000000416e-03 6.520572293428614330e+00 1.000000000000000000e+00
2.000000000000000042e-02 6.520572293428614330e+00 1.000000000000000000e+00
1.625000000000000056e-01 6.520572293428614330e+00 2.181445710908171964e+00
1.071875000000000050e-01 6.520572293428614330e+00 1.027237479280672661e+00
4.000000000000000083e-02 6.520572293428614330e+00 1.000000000000000000e+00
2.021874999999999922e-01 6.520572293428614330e+00 2.698091365414860832e+00
1.471874999999999989e-01 6.520572293428614330e+00 1.784191017728389062e+00
1.937499999999999986e-02 6.520572293428614330e+00 1.000000000000000000e+00
4.312500000000000361e-02 6.520572293428614330e+00 1.000000000000000000e+00
1.556250000000000133e-01 6.520572293428614330e+00 2.015276369901684461e+00
1.849999999999999978e-01 6.520572293428614330e+00 2.548334001517149172e+00
1.221875000000000044e-01 6.520572293428614330e+00 1.170315810489580999e+00
2.106250000000000067e-01 6.520572293428614330e+00 2.751839249053464886e+00
1.306249999999999911e-01 6.520572293428614330e+00 1.336155904679769968e+00
8.999999999999999667e-02 6.520572293428614330e+00 1.000726178473533734e+00
1.181250000000000078e-01 6.520572293428614330e+00 1.113332193242819068e+00
2.412499999999999922e-01 6.520572293428614330e+00 2.906331572632153470e+00
1.528124999999999900e-01 6.520572293428614330e+00 1.940830330752663979e+00
7.187500000000000833e-02 6.520572293428614330e+00 1.000000638216323567e+00
1.250000000000000069e-02 6.520572293428614330e+00 1.000000000000000000e+00
8.437500000000000555e-03 6.520572293428614330e+00 1.000000000000000000e+00
4.187500000000000250e-02 6.520572293428614330e+00 1.000000000000000000e+00
6.250000000000000000e-02 6.520572293428614330e+00 1.000000001541786032e+00
2.434375000000000011e-01 6.520572293428614330e+00 2.916140688785200386e+00
1.000000000000000021e-02 6.520572293428614330e+00 1.000000000000000000e+00
1.468750000000000090e-02 6.520572293428614330e+00 1.000000000000000000e+00
1.568750000000000144e-01 6.520572293428614330e+00 2.047262992389733860e+00
1.268750000000000155e-01 6.520572293428614330e+00 1.254845562988629704e+00
1.790625000000000133e-01 6.520572293428614330e+00 2.475496754563882185e+00
2.271875000000000144e-01 6.520572293428614330e+00 2.840291129728637731e+00
3.062499999999999944e-02 6.520572293428614330e+00 1.000000000000000000e+00
2.134375000000000022e-01 6.520572293428614330e+00 2.768116622051207454e+00
2.265625000000000000e-01 6.520572293428614330e+00 2.837210054773909640e+00
8.525888777014586917e-02 9.676410537094536579e+00 1.213435301735706684e+00
1.183290018143236533e-01 9.676410537094536579e+00 2.717557212724745153e+00
2.247734313940209089e-02 9.676410537094536579e+00 1.000000000000000000e+00
9.611001894089170328e-02 9.676410537094536579e+00 1.716989111693232761e+00
2.557766633104376075e-02 9.676410537094536579e+00 1.000000000000000000e+00
2.250317916599910706e-01 9.676410537094536579e+00 3.324258010057854040e+00
1.712928563382021541e-01 9.676410537094536579e+00 3.133499422789937761e+00
3.358683457611806589e-02 9.676410537094536579e+00 1.000000000000000000e+00
1.707761358062618862e-01 9.676410537094536579e+00 3.131426357506333691e+00
7.957496191880281122e-02 9.676410537094536579e+00 1.077925062282229840e+00
1.986790445310368802e-01 9.676410537094536579e+00 3.236537893165433388e+00
8.861757122775767992e-02 9.676410537094536579e+00 1.338568951929082429e+00
1.268548905913382541e-01 9.676410537094536579e+00 2.873553973550310836e+00
1.067027898456674034e-01 9.676410537094536579e+00 2.295968972615008763e+00
2.079800141059618968e-01 9.676410537094536579e+00 3.268705688360598494e+00
9.946870239850351403e-02 9.676410537094536579e+00 1.908330175195945611e+00
4.934681080029654915e-02 9.676410537094536579e+00 1.000000021221264745e+00
2.467340540014827388e-01 9.676410537094536579e+00 3.388993678617470362e+00
7.130743340775835826e-02 9.676410537094536579e+00 1.009245873317853981e+00
4.133764255522223707e-02 9.676410537094536579e+00 1.000000000000580647e+00
1.185873620802938011e-01 9.676410537094536579e+00 2.723867902758913218e+00
8.086676324865350873e-02 9.676410537094536579e+00 1.100769692367541852e+00
5.425565585372918789e-03 9.676410537094536579e+00 1.000000000000000000e+00
6.510678702447503241e-02 9.676410537094536579e+00 1.000916808399053837e+00
1.929951186796938223e-01 9.676410537094536579e+00 3.216199745163713430e+00
2.211563876704389642e-01 9.676410537094536579e+00 3.312008574602791633e+00
1.446817489432778436e-01 9.676410537094536579e+00 3.015823724643486692e+00
1.224627660698458798e-01 9.676410537094536579e+00 2.805518160887984447e+00
1.498489542626806233e-02 9.676410537094536579e+00 1.000000000000000000e+00
1.317637356447708963e-01 9.676410537094536579e+00 2.927884813720925017e+00
1.759433411256646484e-01 9.676410537094536579e+00 3.151926981470547062e+00
1.227211263358160276e-01 9.676410537094536579e+00 2.810169806097073675e+00
1.805938259131271428e-01 9.676410537094536579e+00 3.169956859506076974e+00
2.020377279886486910e-01 9.676410537094536579e+00 3.248311247550921266e+00
4.883009026835626737e-02 9.676410537094536579e+00 1.000000012469240973e+00
2.472507745334230067e-01 9.676410537094536579e+00 3.390458177372265514e+00
1.772351424555153598e-01 9.676410537094536579e+00 3.156974352782444981e+00
2.472507745334230067e-01 9.676410537094536579e+00 3.390458177372265514e+00
1.451984694752181115e-01 9.676410537094536579e+00 3.018522838144327203e+00
2.260652327238716064e-01 9.676410537094536579e+00 3.327488152947766675e+00
1.462319105390986751e-01 9.676410537094536579e+00 3.023822041558775986e+00
6.278154463074377134e-02 9.676410537094536579e+00 1.000313354137353450e+00
2.146973810211854905e-01 9.676410537094536579e+00 3.291106123574710107e+00
1.302135740489500648e-01 9.676410537094536579e+00 2.912661974952531097e+00
3.358683457611806589e-02 9.676410537094536579e+00 1.000000000000000000e+00
1.250463687295472748e-01 9.676410537094536579e+00 2.848210676319745893e+00
2.113386975635737075e-01 9.676410537094536579e+00 3.279991492026741451e+00
1.669007318167097798e-01 9.676410537094536579e+00 3.115706287214462744e+00
5.167205319402779634e-03 9.676410537094536579e+00 1.000000000000000000e+00
2.170226234149167654e-01 9.676410537094536579e+00 3.298701927212671414e+00
4.288780415104307547e-02 9.676410537094536579e+00 1.000000000006939116e+00
7.053235260984794253e-02 9.676410537094536579e+00 1.007197056634421051e+00
9.998542293044379581e-02 9.676410537094536579e+00 1.937750885322055083e+00
1.550161595820833960e-01 9.676410537094536579e+00 3.065181297679049788e+00
8.138348378059377664e-02 9.676410537094536579e+00 1.111138054912228057e+00
3.358683457611806849e-03 9.676410537094536579e+00 1.000000000000000000e+00
6.226482409880349650e-02 9.676410537094536579e+00 1.000242464079582616e+00
2.004875663928278595e-01 9.676410537094536579e+00 3.242899720744004011e+00
8.913429175969794782e-02 9.676410537094536579e+00 1.360716652505804758e+00
1.457151900071583794e-01 9.676410537094536579e+00 3.021188271215921262e+00
2.317491585752146643e-01 9.676410537094536579e+00 3.344984437826187040e+00
8.758413016387711636e-02 9.676410537094536579e+00 1.296521456025959695e+00
2.351078420328264751e-02 9.676410537094536579e+00 1.000000000000000000e+00
9.455985734507087181e-02 9.676410537094536579e+00 1.630846386109384705e+00
2.467340540014827388e-01 9.676410537094536579e+00 3.388993678617470362e+00
1.172955607504431036e-01 9.676410537094536579e+00 2.691123058023344061e+00
1.103198335692493481e-01 9.676410537094536579e+00 2.457337325374354009e+00
1.312470151128306006e-01 9.676410537094536579e+00 2.922981396768711271e+00
2.002292061268577117e-01 9.676410537094536579e+00 3.241994086706760481e+00
2.433753705438709281e-01 9.676410537094536579e+00 3.379389697884833232e+00
8.784249042984726072e-03 9.676410537094536579e+00 1.000000000000000000e+00
5.296385452387849385e-02 9.676410537094536579e+00 1.000000581188439597e+00
2.066882127761111854e-02 9.676410537094536579e+00 1.000000000000000000e+00
2.405334076181994130e-01 9.676410537094536579e+00 3.371147378041576381e+00
1.449401092092479637e-01 9.676410537094536579e+00 3.017177622786359592e+00
2.250317916599910706e-01 9.676410537094536579e+00 3.324258010057854040e+00
9.998542293044379581e-02 9.676410537094536579e+00 1.937750885322055083e+00
2.583602659701389925e-04 9.676410537094536579e+00 1.000000000000000000e+00
1.005021434623840637e-01 9.676410537094536579e+00 1.967046306304327752e+00
1.459735502731285273e-01 9.676410537094536579e+00 3.022508993240348829e+00
2.712782792686459568e-02 9.676410537094536579e+00 1.000000000000000000e+00
1.991957650629771759e-01 9.676410537094536579e+00 3.238360897217257062e+00
2.121137783614841232e-01 9.676410537094536579e+00 3.282571507087069573e+00
1.229794866017861615e-01 9.676410537094536579e+00 2.814732040616041431e+00
1.813689067110375863e-01 9.676410537094536579e+00 3.172924394106603874e+00
1.036024666540257405e-01 9.676410537094536579e+00 2.138061929621803081e+00
1.883446338922313279e-01 9.676410537094536579e+00 3.199164121398455407e+00
1.433899476134271322e-01 9.676410537094536579e+00 3.008914098331038733e+00
4.159600282119237796e-02 9.676410537094536579e+00 1.000000000000894840e+00
5.193041345999793723e-02 9.676410537094536579e+00 1.000000241674832591e+00
2.472507745334230067e-01 9.676410537094536579e+00 3.390458177372265514e+00
6.949891154596739284e-02 9.676410537094536579e+00 1.005072597204265117e+00
2.227065492662598234e-01 9.676410537094536579e+00 3.316934321529517948e+00
2.105636167656632918e-01 9.676410537094536579e+00 3.277402361453718438e+00
6.975727181193752680e-02 9.676410537094536579e+00 1.005545825716648078e+00
1.175539210164132375e-01 9.676410537094536579e+00 2.697913340685888173e+00
1.191040826122340690e-01 9.676410537094536579e+00 2.736142743206873007e+00
1.875695530943209122e-01 9.676410537094536579e+00 3.196289647181703941e+00
6.484842675850488458e-02 9.676410537094536579e+00 1.000818790472484121e+00
1.811105464450674385e-01 9.676410537094536579e+00 3.171936389144780044e+00
7.621627846119100047e-02 9.676410537094536579e+00 1.036547254486722025e+00
1.870528325623806443e-01 9.676410537094536579e+00 3.194367687861840999e+00
1.857610312325299329e-01 9.676410537094536579e+00 3.189542949728276344e+00
1.932534789456639701e-01 9.676410537094536579e+00 3.217135648601846754e+00
8.706740963193683458e-02 9.676410537094536579e+00 1.276657933649695487e+00
2.268403135217820221e-01 9.676410537094536579e+00 3.329900793884666754e+00
1.343473383044722740e-02 9.676410537094536579e+00 1.000000000000000000e+00
2.043629703823799382e-01 9.676410537094536579e+00 3.256357370338189394e+00
2.379498049584980179e-01 9.676410537094536579e+00 3.363560977498309068e+00
5.580581744955002282e-02 9.676410537094536579e+00 1.000005091805650226e+00
1.971288829352160488e-01 9.676410537094536579e+00 3.231043124360946095e+00
4.831336973641599253e-02 9.676410537094536579e+00 1.000000007206993446e+00
9.791854080268268257e-02 9.676410537094536579e+00 1.819734688654983223e+00
1.271132508573083741e-01 9.676410537094536579e+00 2.876906658758568103e+00
1.033441063880555927e-02 9.676410537094536579e+00 1.000000000000000000e+00
4.030420149134168045e-02 9.676410537094536579e+00 1.000000000000094813e+00
3.617043723581946004e-03 9.676410537094536579e+00 1.000000000000000000e+00
2.097885359677528483e-01 9.676410537094536579e+00 3.274804083999514503e+00
1.653505702208889552e-02 9.676410537094536579e+00 1.000000000000000000e+00
2.211563876704389642e-01 9.676410537094536579e+00 3.312008574602791633e+00
2.165059028829764698e-01 9.676410537094536579e+00 3.297020913416987664e+00
1.343473383044722635e-01 9.676410537094536579e+00 2.950177266597873604e+00
8.861757122775767992e-02 9.676410537094536579e+00 1.338568951929082429e+00
3.307011404417779105e-02 9.676410537094536579e+00 1.000000000000000000e+00
1.671590920826799276e-01 9.676410537094536579e+00 3.116764048026824163e+00
1.216876852719354640e-01 9.676410537094536579e+00 2.791009910406773820e+00
1.601833649014861721e-02 9.676410537094536579e+00 1.000000000000000000e+00
3.565371670387917913e-02 9.676410537094536579e+00 1.000000000000000000e+00
5.745278574440061681e-02 1.435961701962215109e+01 1.179232336302914241e+00
1.514664351443288995e-02 1.435961701962215109e+01 1.000000000000000000e+00
2.430426936338886679e-01 1.435961701962215109e+01 3.637800056696398165e+00
1.955135708817027085e-01 1.435961701962215109e+01 3.539606097315639133e+00
1.516405344950695067e-01 1.435961701962215109e+01 3.425708726990743802e+00
2.263291559627902960e-02 1.435961701962215109e+01 1.000000000000000000e+00
2.319003351864897533e-01 1.435961701962215109e+01 3.616833392982836681e+00
1.338824007195275057e-01 1.435961701962215109e+01 3.372025185108830758e+00
5.971607730402852393e-02 1.435961701962215109e+01 1.311567810005278112e+00
1.401499773461893916e-01 1.435961701962215109e+01 3.391517802531681891e+00
6.702825003513405988e-02 1.435961701962215109e+01 1.997404907541189711e+00
2.115307111498386239e-01 1.435961701962215109e+01 3.575340493041044621e+00
1.662648799572805647e-01 1.435961701962215109e+01 3.466481175838633355e+00
4.805142080440778785e-02 1.435961701962215109e+01 1.004046789779650117e+00
2.061336312768797807e-01 1.435961701962215109e+01 3.563618291096569468e+00
7.991160198993904618e-02 1.435961701962215109e+01 2.996996752038089351e+00
2.327708319401927961e-01 1.435961701962215109e+01 3.618513936541998266e+00
3.656086365552766674e-03 1.435961701962215109e+01 1.000000000000000000e+00
4.387303638663320182e-02 1.435961701962215109e+01 1.000248529768440919e+00
1.300522150032341340e-01 1.435961701962215109e+01 3.359809528244446231e+00
1.490290442339603783e-01 1.435961701962215109e+01 3.418109359382270895e+00
8.252309225104816071e-02 1.435961701962215109e+01 3.080455294223451101e+00
1.883754975013377797e-01 1.435961701962215109e+01 3.522734358978029334e+00
8.879066887771004668e-02 1.435961701962215109e+01 3.186504478831970744e+00
1.216954461676849480e-01 1.435961701962215109e+01 3.332332692650838091e+00
1.697468669720927359e-01 1.435961701962215109e+01 3.475757636656152449e+00
3.290477728997490137e-02 1.435961701962215109e+01 1.000000000386610521e+00
1.666130786587617929e-01 1.435961701962215109e+01 3.467416103048683418e+00
1.194321546080570479e-01 1.435961701962215109e+01 3.324691082446360468e+00
1.666130786587617929e-01 1.435961701962215109e+01 3.467416103048683418e+00
9.784383511622166130e-02 1.435961701962215109e+01 3.245009919093835293e+00
2.205838773883502524e-01 1.435961701962215109e+01 3.594305608249941386e+00
1.446765604654451920e-01 1.435961701962215109e+01 3.405221499256708029e+00
2.009106507546615517e-01 1.435961701962215109e+01 3.551968532930749323e+00
1.124681805784327193e-01 1.435961701962215109e+01 3.300613080176326708e+00
3.481987014812158634e-03 1.435961701962215109e+01 1.000000000000000000e+00
1.462434546221106635e-01 1.435961701962215109e+01 3.409893417197299659e+00
2.890049222294091558e-02 1.435961701962215109e+01 1.000000000000057954e+00
2.258068579105684814e-01 1.435961701962215109e+01 3.604861952599067276e+00
6.737644873661527423e-02 1.435961701962215109e+01 2.034643399721690837e+00
1.044596104443647616e-01 1.435961701962215109e+01 3.271603234133888094e+00
5.484129548329149534e-02 1.435961701962215109e+01 1.081695851971093303e+00
2.263291559627903220e-03 1.435961701962215109e+01 1.000000000000000000e+00
4.195794352848650904e-02 1.435961701962215109e+01 1.000050095770827374e+00
1.351010961747117489e-01 1.435961701962215109e+01 3.375863298705506832e+00
2.383420111638922534e-01 1.435961701962215109e+01 3.629097422408240181e+00
9.819203381770287564e-02 1.435961701962215109e+01 3.246545294501142820e+00
1.561671176143253070e-01 1.435961701962215109e+01 3.438648481768880050e+00
2.372974150594486242e-01 1.435961701962215109e+01 3.627135478261266588e+00
1.584304091739532211e-02 1.435961701962215109e+01 1.000000000000000000e+00
2.419980975294450387e-01 1.435961701962215109e+01 3.635883833877612492e+00
1.662648799572805647e-01 1.435961701962215109e+01 3.466481175838633355e+00
8.844247017622883233e-02 1.435961701962215109e+01 3.182844448503989288e+00
1.349269968239711348e-01 1.435961701962215109e+01 3.375316424196249887e+00
5.919377925180669894e-03 1.435961701962215109e+01 1.000000000000000000e+00
3.569036690182462307e-02 1.435961701962215109e+01 1.000000036723996955e+00
1.922056832176311514e-01 1.435961701962215109e+01 3.531862384066276395e+00
2.456541838949977963e-01 1.435961701962215109e+01 3.642546906870577139e+00
1.784518345091231362e-01 1.435961701962215109e+01 3.498254524581173808e+00
1.777554371061607075e-01 1.435961701962215109e+01 3.496490586193121697e+00
2.460023825964789967e-01 1.435961701962215109e+01 3.643175133864260395e+00
9.836613316844347588e-02 1.435961701962215109e+01 3.247304491207253729e+00
1.965581669861463654e-01 1.435961701962215109e+01 3.542024964492036965e+00
1.222177442199067626e-01 1.435961701962215109e+01 3.334083830250342828e+00
6.981383964698377464e-02 1.435961701962215109e+01 2.289204757156219738e+00
1.269184266899031910e-01 1.435961701962215109e+01 3.349639841958798492e+00
2.802999546923787624e-02 1.435961701962215109e+01 1.000000000000005107e+00
3.499396949886219438e-02 1.435961701962215109e+01 1.000000012941097527e+00
1.732288539869048793e-01 1.435961701962215109e+01 3.484874045734704939e+00
4.683272534922353070e-02 1.435961701962215109e+01 1.001959013017778899e+00
1.418909708535954772e-01 1.435961701962215109e+01 3.396825119492894007e+00
2.252845598583466669e-01 1.435961701962215109e+01 3.603818710904825195e+00
7.921520458697660361e-02 1.435961701962215109e+01 2.969016383270051129e+00
2.219766721942751098e-01 1.435961701962215109e+01 3.597147708570930025e+00
1.768849403524576647e-01 1.435961701962215109e+01 3.494277007536062740e+00
5.135930846847933801e-02 1.435961701962215109e+01 1.021320622722762028e+00
1.251774331824971054e-01 1.435961701962215109e+01 3.343920916902813012e+00
5.867148119958487396e-02 1.435961701962215109e+01 1.244685474101515643e+00
1.528592299502537777e-01 1.435961701962215109e+01 3.429221330336464924e+00
1.873309013968941228e-01 1.435961701962215109e+01 3.520214386441881338e+00
1.377125864358208773e-01 1.435961701962215109e+01 3.384009677826691931e+00
3.760545975997131585e-02 1.435961701962215109e+01 1.000000488150771139e+00
1.328378046150838487e-01 1.435961701962215109e+01 3.368716752709127071e+00
3.255657858849368008e-02 1.435961701962215109e+01 1.000000000202413863e+00
6.598365393069040297e-02 1.435961701962215109e+01 1.885812589875236700e+00
8.565688056437910369e-02 1.435961701962215109e+01 3.145821504422384507e+00
1.852417091880068367e-01 1.435961701962215109e+01 3.515134759668077091e+00
2.054372338739173520e-01 1.435961701962215109e+01 3.562082537743843869e+00
2.437390910368510827e-03 1.435961701962215109e+01 1.000000000000000000e+00
1.114235844739890763e-02 1.435961701962215109e+01 1.000000000000000000e+00
9.053166238511611841e-02 1.435961701962215109e+01 3.202433911470778494e+00
2.379938124624110529e-01 1.435961701962215109e+01 3.628444582853608935e+00
2.005624520531803512e-01 1.435961701962215109e+01 3.551180996421789970e+00
1.126422799291733334e-01 1.435961701962215109e+01 3.301226057647336010e+00
1.890718949043002084e-01 1.435961701962215109e+01 3.524407038528693636e+00
2.023034455605864090e-01 1.435961701962215109e+01 3.555104985384687222e+00
1.030668156384398904e-01 1.435961701962215109e+01 3.266320080046968943e+00
6.807284613957770292e-02 1.435961701962215109e+01 2.108777251224521088e+00
7.277352860957411740e-02 1.435961701962215109e+01 2.564829017693672775e+00
5.014061301329508780e-02 1.435961701962215109e+01 1.012132091064015027e+00
6.580955457994980273e-02 1.435961701962215109e+01 1.867322786898055975e+00
4.004285067033982320e-02 1.435961701962215109e+01 1.000007877068041395e+00
1.770590397031982788e-01 1.435961701962215109e+01 3.494720494428670943e+00
6.963974029624317268e-03 1.435961701962215109e+01 1.000000000000000000e+00
1.829784176283789365e-01 1.435961701962215109e+01 3.509571590102319671e+00
2.332931299924146176e-02 1.435961701962215109e+01 1.000000000000000000e+00
3.481987014812158721e-02 1.435961701962215109e+01 1.000000009878373453e+00
1.356233942269335913e-01 1.435961701962215109e+01 3.377501075548101195e+00
1.617382968380247643e-01 1.435961701962215109e+01 3.454177925493460144e+00
1.838489143820819793e-01 1.435961701962215109e+01 3.511718727587079592e+00
1.864604046431911077e-01 1.435961701962215109e+01 3.518104325522314113e+00
8.739787407178517542e-02 1.435961701962215109e+01 3.170709991912544101e+00
7.068433640068681745e-02 1.435961701962215109e+01 2.375144433159990687e+00
1.399758779954487775e-01 1.435961701962215109e+01 3.390984530640960948e+00
1.706173637257957579e-02 1.435961701962215109e+01 1.000000000000000000e+00
1.189098565558352194e-01 1.435961701962215109e+01 3.322915207228307022e+00
1.262220292869407623e-01 1.435961701962215109e+01 3.347358234944361133e+00
1.671353767109836075e-01 1.435961701962215109e+01 3.468815447003922525e+00
1.065488026532520477e-01 1.435961701962215109e+01 3.279358305386397276e+00
1.117717831754702906e-01 1.435961701962215109e+01 3.298155027101410397e+00
1.789741325613449507e-01 1.435961701962215109e+01 3.499573452950299313e+00
2.160572942690944520e-01 1.435961701962215109e+01 3.584930579302878062e+00
8.739787407178517542e-02 1.435961701962215109e+01 3.170709991912544101e+00
1.333601026673056633e-01 1.435961701962215109e+01 3.370373123638668478e+00
6.911744224402134595e-02 1.435961701962215109e+01 2.218168250177233958e+00
1.514664351443288925e-01 1.435961701962215109e+01 3.425205179348068896e+00
1.382348844880426919e-01 1.435961701962215109e+01 3.385626256756536723e+00
6.824694549031830315e-02 1.435961701962215109e+01 2.127191963174317912e+00
3.871529028962791136e-02 2.130941015366796876e+01 1.148156059407861695e+00
1.738668491188744558e-01 2.130941015366796876e+01 3.685615483466380127e+00
1.525147799288372429e-02 2.130941015366796876e+01 1.000000000000000000e+00
1.976826186000698038e-01 2.130941015366796876e+01 3.723141744629046013e+00
9.021835828098141719e-02 2.130941015366796876e+01 3.508908506234093672e+00
1.777383781478372449e-01 2.130941015366796876e+01 3.692043966461841631e+00
1.425426597027209530e-01 2.130941015366796876e+01 3.628436295984409199e+00
1.120397037169535148e-01 2.130941015366796876e+01 3.562818339144591562e+00
1.389057687967256149e-01 2.130941015366796876e+01 3.621159367846901400e+00
5.384944922102791881e-02 2.130941015366796876e+01 3.230088528657756530e+00
2.463700291158140224e-03 2.130941015366796876e+01 1.000000000000000000e+00
8.763733892833955319e-02 2.130941015366796876e+01 3.502109237112138729e+00
5.560923514328373202e-02 2.130941015366796876e+01 3.313208055546476238e+00
1.269392245253860574e-01 2.130941015366796876e+01 3.596198678077633826e+00
2.401521188571767995e-01 2.130941015366796876e+01 3.779321415122746330e+00
1.143860849466279278e-01 2.130941015366796876e+01 3.568251887568983705e+00
2.118782250396000488e-01 2.130941015366796876e+01 3.743349518646479801e+00
2.217330262042326028e-02 2.130941015366796876e+01 1.000000000018233415e+00
6.593331255385118106e-02 2.130941015366796876e+01 3.439954802927570388e+00
2.227888977575860907e-01 2.130941015366796876e+01 3.757875826001400021e+00
1.486432508998744573e-01 2.130941015366796876e+01 3.640331299954917554e+00
1.792635259471256071e-01 2.130941015366796876e+01 3.694540276201870643e+00
7.578811371848373502e-02 2.130941015366796876e+01 3.469666234002029004e+00
2.426158191483349380e-01 2.130941015366796876e+01 3.782206878917475645e+00
1.521628227443860837e-01 2.130941015366796876e+01 3.647020382828023877e+00
7.039143689023256989e-02 2.130941015366796876e+01 3.454097007209539605e+00
2.417945857179488733e-01 2.130941015366796876e+01 3.781249261655033500e+00
2.827389381757675069e-02 2.130941015366796876e+01 1.000011615602193871e+00
2.394482044882744742e-01 2.130941015366796876e+01 3.778490018504415016e+00
1.599058808023116618e-01 2.130941015366796876e+01 3.661303165808742488e+00
1.630734954623721256e-01 2.130941015366796876e+01 3.666978758269336502e+00
1.733975728729395815e-01 2.130941015366796876e+01 3.684827240266766779e+00
9.092227264988374247e-02 2.130941015366796876e+01 3.510746747993024108e+00
3.988848090446512826e-03 2.130941015366796876e+01 1.000000000000000000e+00
2.293587652006744693e-01 2.130941015366796876e+01 3.766224400210621770e+00
1.859507124516976972e-01 2.130941015366796876e+01 3.705249694242333636e+00
1.197827617748790929e-01 2.130941015366796876e+01 3.580495068631768252e+00
1.324532204151209480e-01 2.130941015366796876e+01 3.607897472709869380e+00
1.759785922255814317e-01 2.130941015366796876e+01 3.689138333130572711e+00
8.235798116157211357e-02 2.130941015366796876e+01 3.487908166051190584e+00
1.852467980827953720e-01 2.130941015366796876e+01 3.704140243208607686e+00
1.888836889887907447e-02 2.130941015366796876e+01 1.000000000000000000e+00
2.358113135822791084e-02 2.130941015366796876e+01 1.000000000952807611e+00
2.324090607992511937e-01 2.130941015366796876e+01 3.770002356064432014e+00
1.167324661763023547e-01 2.130941015366796876e+01 3.573618152204554477e+00
9.561503510923258231e-02 2.130941015366796876e+01 3.522827767094905749e+00
5.338017297509303066e-02 2.130941015366796876e+01 3.200853487973713829e+00
1.495818033917442058e-01 2.130941015366796876e+01 3.642127308980224853e+00
1.191961664674604932e-01 2.130941015366796876e+01 3.579181222585014144e+00
3.953652372001396215e-02 2.130941015366796876e+01 1.212355818060294022e+00
1.030061359827069978e-01 2.130941015366796876e+01 3.541255591100608502e+00
1.262353101564837321e-01 2.130941015366796876e+01 3.594680396924928800e+00
9.279937763362326730e-02 2.130941015366796876e+01 3.515615288705458585e+00
8.951444391207909190e-02 2.130941015366796876e+01 3.507063385425506219e+00
4.446392430233023912e-02 2.130941015366796876e+01 1.928292457943141081e+00
5.772097824999070786e-02 2.130941015366796876e+01 3.371935547746586437e+00
1.384364925507907129e-01 2.130941015366796876e+01 3.620210123545227088e+00
2.419119047794326127e-01 2.130941015366796876e+01 3.781386320708339799e+00
7.508419934958140973e-03 2.130941015366796876e+01 1.000000000000000000e+00
1.603751570482465361e-01 2.130941015366796876e+01 3.662150037737538888e+00
1.351515588292465375e-01 2.130941015366796876e+01 3.613498720912363460e+00
2.378057376275023727e-01 2.130941015366796876e+01 3.776537928641607422e+00
1.753919969181628180e-01 2.130941015366796876e+01 3.688163729352560427e+00
1.363247494440837371e-01 2.130941015366796876e+01 3.615909109525992537e+00
1.785596115782232818e-01 2.130941015366796876e+01 3.693390649335907217e+00
4.587175304013488969e-02 2.130941015366796876e+01 2.194421582805302418e+00
1.992077663993581660e-01 2.130941015366796876e+01 3.725386746836413465e+00
4.903936770019536040e-02 2.130941015366796876e+01 2.741461348891176542e+00
4.434660524084652056e-02 2.130941015366796876e+01 1.906428195278374149e+00
2.107050344247628215e-01 2.130941015366796876e+01 3.741736720051326515e+00
2.449622003780093371e-01 2.130941015366796876e+01 3.784919959500118392e+00
2.346381229674419228e-02 2.130941015366796876e+01 1.000000000702213399e+00
2.185654115441721390e-01 2.130941015366796876e+01 3.752352604283960336e+00
9.139154889581861674e-02 2.130941015366796876e+01 3.511968433402339329e+00
5.889416886482792129e-02 2.130941015366796876e+01 3.391972902849529348e+00
2.054256766579953819e-01 2.130941015366796876e+01 3.734353189914558335e+00
9.432452543291164337e-02 2.130941015366796876e+01 3.519535423324088974e+00
2.223196215116512164e-01 2.130941015366796876e+01 3.757268249828364937e+00
1.841909265294418840e-01 2.130941015366796876e+01 3.702468257426458464e+00
1.126262990243721146e-01 2.130941015366796876e+01 3.564183079811642507e+00
1.742188063033256185e-01 2.130941015366796876e+01 3.686205376165728520e+00
1.206039952052651437e-01 2.130941015366796876e+01 3.582327589781606036e+00
5.889416886482792129e-02 2.130941015366796876e+01 3.391972902849529348e+00
4.657566740903721497e-02 2.130941015366796876e+01 2.325996465205318664e+00
1.020675834908372354e-01 2.130941015366796876e+01 3.538955428369707334e+00
4.598907210161861520e-02 2.130941015366796876e+01 2.216545151012294657e+00
2.416772666564651756e-02 2.130941015366796876e+01 1.000000004124026232e+00
1.217771858201023433e-01 2.130941015366796876e+01 3.584931650077179288e+00
2.206771546508791149e-01 2.130941015366796876e+01 3.755129739033932879e+00
1.741014872418419068e-01 2.130941015366796876e+01 3.686008867941994005e+00
1.012463500604511846e-01 2.130941015366796876e+01 3.536933363647202899e+00
6.605063161533489269e-02 2.130941015366796876e+01 3.440368703609994583e+00
1.196654427133953674e-01 2.130941015366796876e+01 3.580232626787343442e+00
1.114531084095349116e-02 2.130941015366796876e+01 1.000000000000000000e+00
2.256045552331953918e-01 2.130941015366796876e+01 3.761489575771813865e+00
2.061295910268977072e-01 2.130941015366796876e+01 3.735349688778153876e+00
1.968613851696837669e-01 2.130941015366796876e+01 3.721925329332195886e+00
6.335229320120931706e-02 2.130941015366796876e+01 3.429395439899779241e+00
1.242408861112604956e-01 2.130941015366796876e+01 3.590347641043393434e+00
1.387884497352418756e-01 2.130941015366796876e+01 3.620922278643190495e+00
2.020234238749674671e-01 2.130941015366796876e+01 3.729483799187368831e+00
2.134033728388884110e-01 2.130941015366796876e+01 3.745431156000206041e+00
1.873585411895023478e-01 2.130941015366796876e+01 3.707456171220142593e+00
9.326865387955815545e-02 2.130941015366796876e+01 3.516824865130090849e+00
1.233023336193907193e-01 2.130941015366796876e+01 3.588292759348874483e+00
1.927552180177535268e-01 2.130941015366796876e+01 3.715762877414863663e+00
1.599058808023116618e-01 2.130941015366796876e+01 3.661303165808742488e+00
2.324090607992511937e-01 2.130941015366796876e+01 3.770002356064432014e+00
1.588500092489581739e-01 2.130941015366796876e+01 3.659389960877892367e+00
1.951015992474279537e-01 2.130941015366796876e+01 3.719300756505159899e+00
1.793808450086093464e-01 2.130941015366796876e+01 3.694731462545588041e+00
2.390962473038233116e-01 2.130941015366796876e+01 3.778073149874791703e+00
1.755093159796465574e-01 2.130941015366796876e+01 3.688358893436316954e+00
1.651852385690791014e-01 2.130941015366796876e+01 3.670709727395682798e+00
1.642466860772093251e-01 2.130941015366796876e+01 3.669056689848428476e+00
1.532186942977395716e-01 2.130941015366796876e+01 3.649002826240753006e+00
1.140341277621767652e-01 2.130941015366796876e+01 3.567441165033338635e+00
2.074201007032186461e-01 2.130941015366796876e+01 3.737166935307887350e+00
1.504030368221302705e-01 2.130941015366796876e+01 3.643691483814870846e+00
8.317921459195815048e-02 2.130941015366796876e+01 3.490143450695638805e+00
1.735148919344232932e-01 2.130941015366796876e+01 3.685024485538591854e+00
1.682355341676558536e-01 2.130941015366796876e+01 3.676025478075299890e+00
7.602275184145117215e-02 2.130941015366796876e+01 3.470329221783873486e+00
3.719014249033954223e-02 2.130941015366796876e+01 1.068112142160668743e+00
1.474700602850372300e-01 2.130941015366796876e+01 3.638073652506742750e+00
8.012891899338141222e-02 2.130941015366796876e+01 3.481791474637861761e+00
7.778253776370698536e-02 2.130941015366796876e+01 3.475273349251099653e+00
2.344034848444744579e-01 2.130941015366796876e+01 3.772439584595675299e+00
2.608879069638913098e-02 3.162277660168379256e+01 1.123635915411587805e+00
1.171623873092384610e-01 3.162277660168379256e+01 3.730334226184043978e+00
1.687865701114872607e-01 3.162277660168379256e+01 3.797440921156753468e+00
2.307672122507874735e-01 3.162277660168379256e+01 3.856359276913347234e+00
1.027740239554723357e-02 3.162277660168379256e+01 1.000000000000000000e+00
1.332109464345929695e-01 3.162277660168379256e+01 3.753283479611499995e+00
6.079478801673709326e-02 3.162277660168379256e+01 3.631486456870404389e+00
1.890251471365648750e-01 3.162277660168379256e+01 3.818942232367849687e+00
1.197712663788773751e-01 3.162277660168379256e+01 3.734204983179092885e+00
2.255494541115096729e-01 3.162277660168379256e+01 3.852141329876435094e+00
1.923455386797416899e-01 3.162277660168379256e+01 3.822245381399182573e+00
9.605418392761452817e-02 3.162277660168379256e+01 3.696873974328747092e+00
7.549937913652006449e-02 3.162277660168379256e+01 3.660312655873024568e+00
1.837283320557828448e-01 3.162277660168379256e+01 3.813545583728637389e+00
9.360341874098403181e-02 3.162277660168379256e+01 3.692729816471123083e+00
3.628713615043215046e-02 3.162277660168379256e+01 3.415028326699474093e+00
1.660195771588399236e-03 3.162277660168379256e+01 1.000000000000000000e+00
1.818309654596818037e-01 3.162277660168379256e+01 3.811573629929488671e+00
5.905553530364448384e-02 3.162277660168379256e+01 3.627919312489138903e+00
2.295813581282243332e-01 3.162277660168379256e+01 3.855411329107967244e+00
3.747299027299529767e-02 3.162277660168379256e+01 3.496257126404804350e+00
8.553961070755465579e-02 3.162277660168379256e+01 3.678690812634582308e+00
2.022276563677678496e-01 3.162277660168379256e+01 3.831724365308646352e+00
1.618295592591168230e-01 3.162277660168379256e+01 3.789475635873845061e+00
2.171694183120634614e-01 3.162277660168379256e+01 3.845106686438775068e+00
7.708051796660424226e-02 3.162277660168379256e+01 3.663274976463871013e+00
1.427768363566023213e-01 3.162277660168379256e+01 3.766023977324500116e+00
1.494176194429559269e-02 3.162277660168379256e+01 1.000000000001525224e+00
2.375661092201495073e-01 3.162277660168379256e+01 3.861675606152962015e+00
2.161416780725087250e-01 3.162277660168379256e+01 3.844221252520854559e+00
2.375661092201495073e-01 3.162277660168379256e+01 3.861675606152962015e+00
4.443000112536572843e-02 3.162277660168379256e+01 3.595964286050915781e+00
1.501291319164938243e-01 3.162277660168379256e+01 3.775367940091264085e+00
1.001651448858334181e-01 3.162277660168379256e+01 3.703700540419720078e+00
2.276049345906191179e-01 3.162277660168379256e+01 3.853817512815264745e+00
1.207990066184320976e-01 3.162277660168379256e+01 3.735714551528115379e+00
5.107078421171933058e-02 3.162277660168379256e+01 3.611094341878357206e+00
1.634897550307052028e-01 3.162277660168379256e+01 3.791404403140168800e+00
2.283164470641569910e-01 3.162277660168379256e+01 3.854393297810432273e+00
1.750320684903197976e-01 3.162277660168379256e+01 3.804334892741304319e+00
1.025368531309596987e-01 3.162277660168379256e+01 3.707568901079868695e+00
1.925036525627500938e-01 3.162277660168379256e+01 3.822401164456348255e+00
4.743416490252569395e-02 3.162277660168379256e+01 3.603144207136006916e+00
1.868115527744470261e-01 3.162277660168379256e+01 3.816706151832676586e+00
1.629363564401757614e-01 3.162277660168379256e+01 3.790763449254560769e+00
1.905272290251448439e-02 3.162277660168379256e+01 1.000003351340322366e+00
1.613552176100915558e-01 3.162277660168379256e+01 3.788921295906067854e+00
2.232568028078875944e-01 3.162277660168379256e+01 3.850249088491886518e+00
2.064967312089951712e-01 3.162277660168379256e+01 3.835661539118365937e+00
2.328226927298969462e-01 3.162277660168379256e+01 3.857987707402584565e+00
1.077546112702375269e-01 3.162277660168379256e+01 3.715902731486282473e+00
1.691027978775040963e-01 3.162277660168379256e+01 3.797795741660780600e+00
1.098891486908511878e-01 3.162277660168379256e+01 3.719243293546490747e+00
2.374079953371410756e-01 3.162277660168379256e+01 3.861554231066305132e+00
1.168461595432216255e-01 3.162277660168379256e+01 3.729861235409781095e+00
2.020695424847594457e-01 3.162277660168379256e+01 3.831576748910536345e+00
6.126912966576235353e-02 3.162277660168379256e+01 3.632453376761669794e+00
2.687936011143122594e-03 3.162277660168379256e+01 1.000000000000000000e+00
1.781152892089839790e-01 3.162277660168379256e+01 3.807651360233692994e+00
2.491874796212683041e-01 3.162277660168379256e+01 3.870311783002616135e+00
1.545563206407295498e-01 3.162277660168379256e+01 3.780813712975584107e+00
1.253052522841720251e-01 3.162277660168379256e+01 3.742233022391388886e+00
2.429419812424357394e-01 3.162277660168379256e+01 3.865739734532448235e+00
8.071713727579787889e-02 3.162277660168379256e+01 3.669990813650969574e+00
2.065757881504993732e-01 3.162277660168379256e+01 3.835733575489867153e+00
8.925528695825250824e-02 3.162277660168379256e+01 3.685237595289433621e+00
1.185854122563142210e-01 3.162277660168379256e+01 3.732452473187497066e+00
5.549797293595505610e-02 3.162277660168379256e+01 3.620515176753413389e+00
1.936104497438090322e-01 3.162277660168379256e+01 3.823487835209943952e+00
2.195411265571897419e-01 3.162277660168379256e+01 3.847130861478470720e+00
1.248309106351467718e-01 3.162277660168379256e+01 3.741554496425144816e+00
1.272816758217772647e-02 3.162277660168379256e+01 1.000000000000000000e+00
1.589044524234610803e-02 3.162277660168379256e+01 1.000000000111723741e+00
1.566118011198389948e-01 3.162277660168379256e+01 3.783297100745323327e+00
7.866165679668843391e-02 3.162277660168379256e+01 3.666211508369075833e+00
1.831749334652533756e-01 3.162277660168379256e+01 3.812972568906326742e+00
6.443140732593073683e-02 3.162277660168379256e+01 3.638835115563769484e+00
3.597090838441531491e-02 3.162277660168379256e+01 3.385256986752531283e+00
1.007976004178670892e-01 3.162277660168379256e+01 3.704737070801627841e+00
8.032185256827684139e-02 3.162277660168379256e+01 3.669267356708072914e+00
1.852304139443628206e-01 3.162277660168379256e+01 3.815092088164138140e+00
2.187505571421476391e-01 3.162277660168379256e+01 3.846459088735447729e+00
2.664218928691859667e-02 3.162277660168379256e+01 1.184876107148936875e+00
6.941199464069593150e-02 3.162277660168379256e+01 3.648662816061369885e+00
8.506526905852940246e-02 3.162277660168379256e+01 3.677845327464762004e+00
6.253404072982969575e-02 3.162277660168379256e+01 3.635019468138087184e+00
1.789849155655302837e-01 3.162277660168379256e+01 3.808576583894794254e+00
6.032044636771183993e-02 3.162277660168379256e+01 3.630516998172314658e+00
1.766922642619082051e-01 3.162277660168379256e+01 3.806127716014662710e+00
2.996258083009539427e-02 3.162277660168379256e+01 1.952850615814013979e+00
3.889601522007106460e-02 3.162277660168379256e+01 3.548682569222895822e+00
2.460252019610999208e-01 3.162277660168379256e+01 3.868016594082169579e+00
9.328719097496719626e-02 3.162277660168379256e+01 3.692190982689781187e+00
1.630154133816799633e-01 3.162277660168379256e+01 3.790855134354868650e+00
5.059644256269407031e-03 3.162277660168379256e+01 1.000000000000000000e+00
2.030182257828099524e-01 3.162277660168379256e+01 3.832460511589939944e+00
1.080708390362543625e-01 3.162277660168379256e+01 3.716400122238584736e+00
9.107359661284933350e-02 3.162277660168379256e+01 3.688392640630705266e+00
1.602484204290326175e-01 3.162277660168379256e+01 3.787622161414513577e+00
2.130584573538445714e-01 3.162277660168379256e+01 3.841534508665721326e+00
1.181901275487931835e-01 3.162277660168379256e+01 3.731865743226797871e+00
2.477644546741925302e-01 3.162277660168379256e+01 3.869283922598719450e+00
9.186416602789142238e-02 3.162277660168379256e+01 3.689754533202197706e+00
1.203246649694068304e-01 3.162277660168379256e+01 3.735018894288026470e+00
2.087103255711130478e-01 3.162277660168379256e+01 3.837666683338322837e+00
3.091126412814590788e-02 3.162277660168379256e+01 2.255699871909626175e+00
1.342386866741477058e-01 3.162277660168379256e+01 3.754684855795657583e+00
3.304580154875956521e-02 3.162277660168379256e+01 2.882000987275181281e+00
1.846770153538333514e-01 3.162277660168379256e+01 3.814523819238732294e+00
2.988352388859118539e-02 3.162277660168379256e+01 1.928188674852727713e+00
1.419862669415602463e-01 3.162277660168379256e+01 3.764996422830703793e+00
1.800917127465891943e-01 3.162277660168379256e+01 3.809747716794607886e+00
2.423095257104020683e-01 3.162277660168379256e+01 3.865267860036738945e+00
1.650708938607894083e-01 3.162277660168379256e+01 3.793224917466976986e+00
2.449974617215451844e-01 3.162277660168379256e+01 3.867261958045725478e+00
1.725022463621850854e-01 3.162277660168379256e+01 3.801571087567979124e+00
1.581138830084189567e-02 3.162277660168379256e+01 1.000000000080159213e+00
1.472830820223422765e-01 3.162277660168379256e+01 3.771795957452542591e+00
6.158535743177918909e-02 3.162277660168379256e+01 3.633096582843442057e+00
2.353525148580316306e-01 3.162277660168379256e+01 3.859966642324010877e+00
2.453927464290662497e-01 3.162277660168379256e+01 3.867552711273985810e+00
2.465786005516293899e-01 3.162277660168379256e+01 3.868421160353236132e+00
3.968658463511316042e-02 3.162277660168379256e+01 3.564843045371977492e+00
1.940057344513300697e-01 3.162277660168379256e+01 3.823874320720750841e+00
1.384287045738707977e-01 3.162277660168379256e+01 3.760316383135841711e+00
6.356178096938443212e-02 3.162277660168379256e+01 3.637091244763983156e+00
1.696561964680335655e-01 3.162277660168379256e+01 3.798415184826341218e+00
2.159045072479960914e-01 3.162277660168379256e+01 3.844016204870634557e+00
