4.460641738531442302e-01
6.292466090704983417e-01
3.805955284640885061e-01
7.727615616750751482e-01
7.657099533989080165e-01
2.287960760995841891e-01
8.119644728305557280e-01
5.324862376157123434e-01
7.649883985981942303e-01
9.793506816268080506e-01
2.517529403511326036e-01
5.316159890692262469e-01
2.949833388282441238e-02
6.544306831672097591e-02
8.803561394924587225e-01
4.853891143584282419e-01
2.931699488134241749e-01
9.616605569782757934e-01
6.542022756984239296e-01
4.324124318189230820e-01
2.024242323427128953e-01
5.808713434525332175e-01
2.540608267317951974e-01
7.394907202855409700e-01
8.142610582589109303e-01
3.734572495039334417e-02
6.630656644538703848e-01
3.855097143253283232e-01
6.989967374090053642e-01
3.660349938768335809e-01
8.888778057451737213e-01
2.023150979238164116e-02
3.364517393259013334e-01
3.250005972906300222e-01
7.500360594197770236e-01
2.332132512346271058e-01
2.760708536147937764e-02
2.771865344436044154e-01
2.293455608524911371e-01
1.722326196291766864e-01
8.033468344557564977e-01
8.761964316362620409e-01
6.674696414321509286e-01
2.692725662888130200e-01
6.708485691515490013e-01
8.418850578024649201e-01
3.827726292509439077e-01
9.814711014990962212e-02
9.954751142348533532e-01
7.195987556960675713e-01
1.997190278851479484e-02
3.241923635771627454e-01
6.159389523383735909e-01
9.227719538978604863e-01
9.701408971340099718e-01
2.498552829626188299e-02
8.141233118937928337e-01
9.197185926396187483e-01
4.785631698807661927e-01
2.806517441947653513e-01
8.821601910017644599e-01
4.289041929586279167e-01
8.837793311690050890e-01
2.781893109201581948e-01
6.280015908536171754e-01
2.629153404335755617e-01
3.283845142518004856e-01
4.536873577483222508e-01
9.294040568478922903e-01
2.265264162578437546e-01
7.454544431389967807e-01
8.173632241628977502e-01
8.178734766116650956e-01
1.963985816386549788e-01
7.225571137464946725e-01
2.473866958589002740e-01
5.875798585647330485e-01
8.586160051015502281e-01
4.966131295243174648e-01
5.742323964278800430e-01
5.409122994816799590e-01
7.624931617932787509e-01
9.885093600403463965e-01
6.764504649516454027e-01
9.162218362267061655e-01
8.249203083555404215e-01
3.551026603943109317e-01
5.847599395015121715e-01
6.388352004631235870e-01
4.772369008501090581e-01
9.267766886153601114e-01
2.873833395262934687e-01
3.898428956177529825e-01
3.520808830655005606e-01
8.552405565893151929e-01
6.953836044983959797e-01
3.693952051260596114e-02
6.506988326211373685e-01
3.815371642161712318e-01
2.371709447435624840e-01
2.851396092947476868e-01
7.877087390813342083e-01
7.548810075591791957e-01
6.965750028570200092e-01
8.027430188065998173e-01
3.521889732744253321e-01
1.167432167167108403e-01
6.029823756993790695e-03
2.302736688203319559e-01
6.189921717357731445e-01
1.110448054498273107e-01
7.167296358679730028e-01
7.880789114441151266e-01
1.707032164235388061e-01
7.305819980804915126e-01
6.788632401469225641e-01
8.742736690516055287e-01
6.832051754262522536e-01
4.532061572725187837e-02
8.647499869003631989e-01
1.998917089133525060e-01
5.025120477531648255e-01
5.773123883135830026e-01
7.375675795391569700e-01
3.818797738517160090e-01
1.328354400242877098e-01
4.685810620055397280e-02
8.703029872870080563e-01
1.629821257205406049e-01
8.008452968838593033e-01
3.358557418624444901e-01
4.345447781049639469e-01
6.040571367745227738e-01
4.593200144558753362e-01
5.449298817239299764e-01
2.216043078953644496e-01
7.984879791990479037e-01
5.922213254920888348e-01
5.373050134049297544e-01
2.083274497242371126e-01
3.052653382880277100e-02
3.745387638644172013e-01
2.008552815430885152e-01
3.166113005733517394e-02
7.716802639424383825e-01
3.163889893508227136e-01
8.828285303072773704e-01
3.168396656278241741e-01
6.947180999604301022e-01
6.682945967349142036e-01
4.060321566687750128e-01
5.663238011328640686e-01
6.727596503956826401e-01
7.079729614552709993e-01
6.284404520918003278e-01
8.086920303180318292e-01
1.481676245663764435e-01
8.789508685736582283e-01
4.558982286626876990e-01
4.134671371605878054e-01
6.799385613138535511e-01
6.961319509002207306e-01
7.155650203444727797e-01
2.052735910860427060e-01
8.995896365952922302e-01
6.215059578781886307e-01
1.531432149181289892e-01
5.217473407942065933e-01
5.726512228863913645e-01
3.156468072017413196e-01
2.111139608401233492e-01
6.733557937419750727e-01
1.122354350941388024e-01
6.144039344547990167e-01
6.630713445292851782e-01
9.988071991094377156e-01
3.963620194704952082e-01
5.070479239725570464e-01
3.637095618230291594e-01
2.823599928764265465e-01
7.024235656470161349e-01
5.012505725726297268e-01
9.225282356033651654e-01
5.576427533095853484e-01
8.712647769323845770e-01
7.355405541609051356e-01
2.634067865134503972e-01
8.165813041784172333e-01
3.335828515026526553e-01
5.203043143545904581e-02
9.111834355800136898e-01
2.836585650668178582e-01
5.332296798782176772e-01
7.319638600251421323e-03
3.504458181072408474e-01
3.311703871664350984e-01
1.313616666479161532e-01
8.629747680540988952e-02
8.143543282058420818e-01
3.157915143983853756e-01
4.872171317656266432e-01
1.936740900219257044e-01
9.139842479046562662e-01
8.192908606096690471e-01
2.538241690618909807e-01
2.799864467239960852e-01
3.411091780441141141e-01
1.820281761827393652e-01
8.364153770390813092e-01
6.202776077125442544e-01
9.749229940007072548e-01
1.642843011158939825e-01
8.478338176416122529e-01
1.838361376485921905e-01
4.384186503751842379e-01
5.110944327079802729e-02
5.998661037324396483e-01
5.760014788628192717e-01
5.568332201641539303e-01
6.182045698004069445e-01
4.262845713671593595e-01
2.304710588424263573e-01
4.728496443896310630e-01
7.134723105972564650e-01
6.908742751948259153e-01
1.800463548640081068e-01
8.292378535591684585e-01
6.263776237428367866e-01
4.696384556721607817e-01
4.266196974906513173e-01
9.141612427943593966e-01
4.182505885676853774e-01
2.042385973332737636e-01
4.251324462518901726e-02
8.361362471052947720e-01
4.568502693186324848e-01
5.153649484960609595e-02
2.888687529657213426e-01
5.509668264439957497e-01
6.575517273036100008e-01
5.544504215888906851e-01
5.494519386010909834e-01
7.645280965214658053e-01
4.344125336169074592e-01
3.791289545144573836e-01
8.514627934070201354e-01
7.741098382873354833e-01
8.190839295312535295e-02
4.229023890368223126e-01
7.486028488372273859e-01
4.332630983407903535e-01
9.213351868573560477e-01
3.565659052778917815e-01
3.206482189749877421e-01
4.983967461985399083e-01
4.623897260930306397e-01
9.223391480535797493e-01
2.299067299605676018e-01
8.036852673526456714e-01
9.044085941948768470e-01
6.978370588566885635e-01
5.865448881601101894e-01
6.947894418380418102e-02
5.994323258860387860e-01
4.166380938276477153e-01
6.242754906480890709e-01
2.364830590436548530e-01
9.430197258737654797e-01
3.869714830185645438e-01
7.035743165332508653e-03
8.958966191313896266e-01
9.974559533564608671e-01
9.158925019919511579e-01
9.506513112770648144e-01
5.616575282259910207e-01
2.764823391077538828e-01
6.951972819862636266e-01
8.749899029541763351e-02
1.078681341831067009e-02
3.882912861901831603e-01
6.741307367040118015e-01
5.445913473585096698e-01
2.640523468003176388e-01
1.570225995989906753e-01
4.937295662094352000e-01
4.359479046561339777e-01
3.910878292377273358e-02
1.068210608978881204e-01
6.246373539143190712e-02
5.348154702709236874e-01
9.089322518862367195e-01
4.934911817956890712e-01
5.691819226723343617e-01
4.628722707972861006e-01
6.446427439961057715e-01
5.156573458153568268e-02
1.362587832022469359e-01
7.100065793866180419e-01
8.558171693906359012e-01
1.638031486805050507e-01
8.138228942305364422e-01
5.580363716235592353e-02
6.059667123681996559e-01
5.449206384293434624e-01
1.960492390439466659e-01
6.874642317857073692e-01
2.184180160131388160e-02
5.505767077630863149e-01
3.226416746039966199e-01
9.784210049046883073e-01
9.546387279129591175e-01
1.789608190485940664e-01
4.680071184275869101e-01
7.475018617224782336e-01
5.918646388709443151e-01
6.144056062566994880e-01
4.880820166031931695e-01
1.041886605837780699e-01
4.774444454582474906e-01
3.649419589848567069e-01
3.579635901229188955e-01
8.950168167654907192e-01
3.753196855805731591e-01
6.880970824223417992e-01
9.674106509628552786e-01
3.780358293774210843e-01
2.669833879040989233e-01
7.444715745562173748e-01
3.634995096014395077e-01
4.255944778795603956e-01
8.004114873933586560e-01
3.111039846201966164e-01
8.630559548353970989e-01
1.325345607589940577e-01
6.503090266950823928e-01
5.888150534253633328e-02
4.432649765711730305e-01
2.303087296682986285e-01
1.017824647765942503e-01
8.649870547314144620e-01
6.732443272138785018e-01
8.463578178241760730e-01
2.791621413284539610e-02
2.190624975765196325e-01
8.242540604245988112e-01
2.304012278527708402e-01
3.878354838429382001e-01
7.308863755225625258e-01
7.083670438041287376e-01
8.979355518035525563e-01
3.705922986861123203e-01
3.477705574505280950e-01
7.984863350022392003e-01
6.313911972021151175e-01
1.823559246440485948e-01
6.997521828791520848e-01
5.865057505628057388e-01
2.679435373103903339e-01
8.246829137771988227e-01
2.065602964637172079e-01
3.147019520596975317e-01
4.982511162568237228e-02
9.133204767627994825e-01
2.046300333546297034e-01
9.527589014900790243e-01
6.873604867992176848e-01
2.687600320753352756e-01
3.036913091217269267e-01
9.328056211947020060e-01
2.569888329622296297e-01
3.566222691448678317e-01
5.963032282024695041e-01
6.974745779356550379e-02
7.580348336021982547e-01
6.601864800502164066e-01
9.035266610462502346e-01
7.301404289290598371e-01
1.324688020698208124e-01
9.449080336217418052e-01
3.262624922883654577e-01
7.507422896980318061e-01
9.670654801494160679e-02
8.278419247934671876e-01
8.448711992264068549e-01
1.650912182901049796e-01
3.312981236669005902e-01
2.109612426766241944e-01
9.951593715784982086e-01
9.197442662050809847e-01
6.366389038198236872e-01
3.049571312680181556e-01
8.174227732624311793e-01
9.287268757435206412e-01
8.381070273744244403e-01
2.721603148142568429e-01
3.644615515194875588e-01
5.682966974531287185e-01
1.412999971694345325e-01
6.205309765378934639e-01
1.422387156002921094e-01
7.173416917960795391e-01
8.341600330571210531e-01
4.381776196776365762e-02
5.765611199928600827e-01
5.543470289056630085e-01
5.669060591318244580e-01
7.529064276494051855e-01
2.761581253074627540e-01
8.923925996175617881e-01
4.282793286083338424e-01
8.390322068985569537e-01
8.924881746713096975e-01
7.163137358376083785e-01
8.970985535078076500e-01
5.406734888814525020e-01
3.733072839975305479e-01
9.190409685561831132e-01
6.743200544045316880e-01
7.716351385761941462e-01
9.046632707990622801e-01
3.484021320229683250e-01
3.038753853119635640e-02
8.155471926113206926e-01
3.679718604620262346e-01
8.886305110525891671e-01
3.499443130450023975e-01
6.268910329256092151e-01
4.403688442631886746e-01
7.069494799731420587e-01
4.854464388540363773e-01
4.100219067939606665e-01
3.993541247629329716e-01
8.185348248319835873e-01
3.481255493135068102e-01
2.714318548976561996e-01
1.581030682722750491e-02
6.644699418194219831e-01
4.675778072772193150e-01
4.434771739193162921e-01
5.432736267865250213e-01
2.723969770213646724e-01
7.533713900288341314e-03
6.451949926234628041e-01
2.709588399766351685e-01
7.714338571770059660e-01
9.912792704693340617e-01
8.888630129467300911e-02
5.257806115112636514e-01
4.323886912906164115e-01
3.863794455611884171e-01
9.564612740489608633e-02
7.536190038297625460e-01
8.809823158608709459e-02
2.972264487492655149e-01
6.024268290999588160e-01
3.494188811408371897e-01
2.319738110554455668e-01
7.278539341215268799e-01
6.343043834001459436e-01
7.981959126503931357e-01
6.356599551446555640e-01
6.154308393448146841e-01
9.944477276188383730e-01
1.313703617508020782e-01
8.017717340452049646e-01
3.580154143083387197e-01
9.355004929445531747e-01
1.101215122326296703e-01
2.263054498324330588e-01
2.525753408589079818e-01
6.998775704011136467e-01
9.479063164677763442e-01
6.964286343184309391e-01
2.846385654122869369e-01
5.458654690004476340e-01
7.245848106183192527e-01
6.686736998278655086e-01
7.965330585643086714e-01
9.457256589311900941e-01
4.583747829007849273e-01
4.664342669043876066e-01
3.807753907889228628e-01
3.332984324891528072e-01
2.174350109862065450e-01
4.720001506028278504e-01
8.039526857843408703e-01
5.848921863021384615e-01
4.520905213960028091e-01
6.924927270715066641e-01
2.041192221953047614e-01
8.359156863450789565e-03
9.433222084133143781e-01
1.507169220832382805e-02
9.105009913783895792e-01
2.481119363668876643e-01
2.458944091573549429e-01
8.007313629955060685e-01
9.126128021245255573e-01
9.719572942014174100e-01
9.881707588574155654e-01
9.710167224328584146e-01
9.354211579057241099e-01
3.095654159934214666e-01
1.044955476903766112e-01
7.953000396115730286e-01
9.985303076940739153e-01
7.221957476960962907e-01
2.364783762314354165e-01
3.251708798635795095e-01
1.047008789306386189e-01
3.510638802390784186e-01
1.172270723272806903e-01
5.415488089735789323e-01
9.548014766176765589e-01
4.969182663376751075e-01
7.745145178502979011e-01
8.960347035801835558e-01
5.527110878943031214e-02
9.135801761445841995e-01
4.982956150428242692e-01
1.755588281464766087e-01
2.232923271143518740e-01
5.954773068931842328e-01
9.910806683086970104e-01
5.862614456218995240e-01
5.734539066515632610e-01
3.362279518713470194e-01
5.037989966754932158e-01
9.804561909382858431e-01
5.533194687712217341e-02
1.515665051476043912e-01
8.972061738003397346e-01
7.007807382771915616e-01
4.599555372468213665e-01
8.099056408506100091e-02
1.449569852636519718e-01
7.154418057333453707e-01
9.141623320554492782e-01
1.378817998504718867e-01
6.989912900321828548e-01
8.016352286339264444e-01
8.067788207013897317e-01
2.121920009157072240e-01
5.990047341327233710e-01
8.491931899876935530e-01
2.186092218126034492e-02
3.024195686466356614e-01
7.246099678169002356e-01
3.439470641211692659e-01
3.532282135125142108e-02
2.792010215814320073e-01
2.548421981118572655e-01
9.980891813268846224e-01
3.142274401418136964e-01
2.236311480627425352e-01
9.507512381615117469e-01
2.233692966588495254e-01
1.661006798079119884e-01
7.126473431629953836e-02
3.461090805244874113e-01
8.877084126897374361e-01
5.835328886128805514e-01
8.719458130679909047e-01
3.235123827421424458e-01
2.099968302152402932e-01
1.578558946854667910e-01
4.550137253334138876e-01
4.341305399119068653e-01
3.779105537483870014e-01
1.308891530974627404e-01
7.562327171386123981e-01
8.360049826533483275e-01
7.630032255777033923e-01
9.992146414736674531e-01
7.974077487553435928e-01
3.856704786249123273e-01
9.736652573046259418e-01
5.395633081088685445e-01
4.611472186385883187e-01
7.984761205124768502e-01
9.753925817820497945e-01
3.474454639670678802e-01
1.209218430905804054e-01
8.892804581076929615e-01
2.992838092500186287e-01
7.998090679932752245e-01
6.808357123331657546e-01
4.884233327825145965e-01
7.570677741359229662e-01
9.927041199232466973e-02
8.836879667590002985e-01
8.170728942022033037e-01
1.952123501357794222e-02
3.153015876572583531e-01
5.424154831371015284e-01
9.677546284065851045e-01
9.421653549382287274e-01
4.806748863537296801e-01
9.373687282566729451e-01
8.872960305651096391e-01
3.016656752517115070e-01
5.810196788013507474e-01
5.912087563732668638e-01
8.819538380082707629e-01
7.089235132445160792e-01
5.537838585204006847e-01
7.394129152106517777e-01
3.324424150193956429e-01
4.606156572648987257e-01
6.443632448038649763e-02
6.504939515216009438e-01
6.028189830627052048e-01
7.285495072727101729e-01
8.619223226781093095e-01
1.275623449572971246e-01
2.650823433976593479e-01
8.359097137601859684e-01
8.464241107138572584e-01
5.022022496140549075e-01
6.044237787476792745e-01
3.487282316227446888e-01
2.371941050093412384e-01
9.762435584911819397e-01
6.035688857506571470e-02
8.490360929898166376e-02
8.087193833045727143e-01
5.476892774320488710e-01
8.381159790933827569e-01
7.088943136336361972e-01
1.072969365352854920e-01
5.863161345244812805e-01
5.935281334305630985e-01
8.996689248949950590e-01
6.042219965696338235e-01
9.616899362777401317e-01
5.606124770580622751e-01
6.020849097636749025e-01
3.188016486834142071e-01
3.867741511021129952e-01
8.089530298950909915e-01
2.856482836637864731e-01
6.760365682182046809e-01
9.132543691835064426e-01
7.675978503175272527e-01
9.865694707934321572e-01
8.740196182003688863e-01
8.795796763561414267e-02
2.656477899567943890e-01
7.274301997286634069e-01
3.746757207703896864e-01
5.819837528944045157e-01
2.835801379294496938e-01
5.742271762921100642e-01
6.973032297951575753e-01
3.083135908301302130e-01
4.394058759323868912e-01
7.147459247040617303e-01
3.170721745803624092e-01
9.611437149886620235e-01
5.683960988851366469e-01
7.534768202916635182e-01
9.354430681301737494e-01
9.800427626948885473e-01
4.474763305924372991e-01
6.933711725828104466e-01
9.470643470332475999e-01
9.484326314126292345e-01
3.065222543652469378e-01
6.540332885116549866e-01
5.513786415327953661e-01
1.995965139239395114e-01
6.958300172151796747e-01
5.974286006411771988e-01
6.374435912966103235e-01
3.349259235614689967e-01
4.836967149765615259e-01
2.486487152979375281e-01
1.395623877661972267e-01
8.395344856033063463e-01
4.025355433173979369e-01
3.120724580827165529e-01
7.527567567005094551e-01
4.762570777594155036e-02
5.995190221449526735e-01
3.609187950654773047e-01
2.247042855865997169e-01
8.893831963217331271e-01
2.798553274073588559e-01
7.198589106748682909e-01
9.809556440155483559e-01
5.552927466193057215e-01
9.526396254760404192e-01
1.737559041225461565e-01
1.399812908868874883e-01
3.331761762862618381e-01
6.532102007176511238e-01
1.527610487075267143e-01
8.717974232522753830e-01
3.676777483076352215e-01
9.119700245887267798e-01
3.118412792730125283e-01
9.553883359897332728e-01
5.719803857478296116e-01
8.183311824324011052e-01
3.544999352143516358e-01
6.398716973673057584e-01
6.382259806940101532e-01
6.002950948253991115e-01
6.748769421771571020e-01
9.244569993374367467e-01
7.652185669916702349e-01
8.890656837499960607e-01
3.393955786459370572e-01
2.695926344568910782e-01
4.003455431955813548e-01
6.744132495277435080e-01
9.532350828567061063e-01
9.823794738917408509e-01
2.003944769636855083e-01
3.693179695558054254e-01
9.056406326518952055e-01
9.053521916037977624e-01
2.123815064172281941e-01
1.373892426426407409e-01
9.475273814615697843e-01
6.548963334427636562e-01
6.587829397437799939e-01
3.059322060029185941e-01
9.340144239843911622e-01
6.887160923015455127e-01
2.980372661277769231e-01
9.689525179158697821e-01
8.760474743588130275e-01
1.695660180810387718e-01
7.931828064778545517e-02
1.492094667908605565e-01
7.619146433076083857e-01
6.123870495256370505e-01
4.905887959481856075e-01
1.316506110578385957e-01
1.123392456949073859e-01
2.655535208802684011e-03
1.003670611491422893e-01
2.423168426102133566e-01
1.473199532890134833e-01
2.453064853876358864e-01
1.579442551090822766e-01
7.009342459510430334e-01
8.528729805718533452e-01
4.203014604215912220e-01
2.565699499884999124e-01
3.125658695826063482e-01
6.126475355384154442e-01
3.443601622712597621e-01
9.724345026538430137e-01
8.166000452042537772e-01
8.049542334450946468e-01
7.826464480874798513e-01
3.251483848653365927e-01
8.606629155377236717e-01
3.520710211059784323e-01
1.636419856858536415e-01
9.193106426524746411e-01
3.553120776391657243e-01
9.326234571937537243e-01
5.552675663230565162e-01
3.915759417583724034e-01
4.267332962914524019e-01
9.366376306349600833e-01
4.396385062569745372e-01
1.998468388620596725e-01
2.136202626604820631e-01
5.156250567808673413e-02
1.575987041827164870e-01
3.801591578992052911e-01
4.105002397871507780e-01
3.599324184038876773e-02
1.543308813999836326e-01
9.961355622533885068e-02
1.266046122604479462e-01
8.169767195895437650e-01
9.703812897603601995e-01
9.631508109562822995e-01
2.845641032315499031e-01
3.995005165408229697e-01
4.561602807316534891e-01
4.540845412317578988e-01
1.385616583822736336e-01
3.084733022752692566e-01
1.020613623097164080e-01
5.780457502879424725e-01
9.803649560026271859e-01
7.029207649786223255e-01
8.514830835312491297e-01
3.771118562409403463e-01
1.211762471233985838e-01
9.517731785776081255e-01
8.267430775322557324e-01
3.022559460713520885e-01
7.289547722400440133e-01
2.718360512473498858e-01
2.922060892754920758e-01
7.536706562393599151e-01
5.004987724871345911e-03
1.478742621975394078e-01
6.114651424276611458e-01
8.412596177885601767e-01
5.274015150736929280e-01
4.859883453416087296e-01
1.629036285441143317e-01
7.338699995284243549e-01
9.250717368644274519e-01
7.758171536615301456e-01
2.017181469987174847e-01
2.757108973623184633e-01
9.842849345087613111e-01
8.642959949026756128e-01
7.222851399871541567e-01
2.869026833757475359e-01
7.254487551266626255e-01
9.322134893818145862e-01
7.425356330433982022e-01
7.970729402299708832e-01
2.758985744711247579e-01
2.908241332023059345e-01
4.659878305613152083e-02
4.030717806442262185e-01
2.289702453142915539e-01
9.673341755211994908e-02
6.046145637017826813e-01
8.703214075734385657e-01
8.309220092194483653e-01
4.412424734798507941e-01
3.504051578477320739e-01
8.272005667920433458e-01
9.863276586925958656e-01
8.538010845668505544e-01
7.752320221993329596e-01
8.925924862637473201e-01
5.588347501583518229e-01
2.032026609899462155e-02
4.309856620074008493e-01
4.707298498513969864e-01
4.440147039627651004e-01
7.044800896794323197e-02
7.201979431325489234e-01
6.918386455188076933e-01
2.204716538690738581e-01
3.062234943888597627e-01
7.851811031715778544e-01
2.000903734691850122e-02
1.697609905738923786e-01
6.417059276987013838e-01
7.175942152616278102e-01
1.332417413286406394e-01
3.718610042493201151e-01
3.347028321861865718e-01
2.524299237510264637e-01
4.004680003822360668e-01
6.434394520258891470e-01
2.369304433151183664e-01
1.947691615890506656e-01
3.926692848398658509e-01
7.807985060365629781e-02
4.977305022996755257e-01
6.340225362482146965e-01
7.842475668097933506e-01
9.949705787113101163e-01
7.056454770426681122e-01
1.346431376903014510e-01
5.890307629743897211e-01
4.468877162505742184e-01
1.478511379167768425e-01
7.714514225125009839e-01
1.583030230284764306e-01
4.250725235455676820e-01
5.048683796150300607e-01
2.173840945592546703e-01
7.771911623914662393e-01
4.317764735216199634e-01
8.845664345641341963e-01
8.299228612737510336e-01
6.078540755152367359e-01
1.721756336714314051e-01
1.548322006029192455e-01
2.473905673263011584e-01
8.675292467630965065e-01
2.523605194257472206e-02
3.399685817524643605e-01
6.289144010585612232e-01
4.441204157634530691e-01
9.123061034141333181e-01
9.161353046287660229e-01
4.938259028926672567e-01
5.174310545907254699e-01
4.431489704145621378e-01
5.976197676976746642e-01
9.031768453406824326e-01
9.391867645237556017e-01
6.114286442871270655e-01
6.359604166775104650e-01
3.643196667602712768e-01
6.821864986266723552e-02
4.364967956406132776e-01
6.603504471925339958e-01
1.319740324832008316e-02
7.693575344654787207e-01
5.078520781994575461e-01
9.319760448515166384e-01
8.967576120221254499e-03
3.237968181257148137e-01
3.181539692176141854e-01
4.820681920406901799e-01
5.794128335358555981e-01
5.627476506372330878e-01
7.200626254166730966e-03
5.023629606091241095e-01
1.426329445938937512e-01
3.365800249296228008e-01
1.833189482435046980e-01
1.909440105842605817e-01
8.931902717014024162e-01
3.635280974168386692e-01
8.383419232113578090e-01
6.803210234385788091e-01
4.814991851290326696e-01
8.656339487284325784e-02
5.745376919091739198e-01
4.144596192257328227e-01
3.445012789223931282e-01
5.343365345468560346e-01
5.601515375083465642e-01
6.379817107566569945e-01
8.993694867978462293e-01
3.883401957578309638e-01
3.618131679835698833e-01
7.899194425394003849e-01
1.112735130926606475e-01
1.841359990530887503e-01
3.997891142359244476e-01
2.239232653618773439e-01
9.192218460910399624e-01
8.416165438680600630e-01
5.788313564814751011e-02
7.268047074953037923e-01
3.401662734319080839e-01
1.396981167995073880e-01
2.370902366686470364e-01
3.947791101036791650e-01
3.915740109159969728e-01
5.494299781207332423e-01
8.225888842183550764e-01
9.752945585295840214e-01
9.727975957329429990e-01
7.992642098607969370e-01
9.478085704304006764e-01
1.024219299895545721e-02
8.791903553379731839e-02
9.118260771883884841e-01
1.198897638081908301e-02
9.266617253239705088e-01
3.761844951795779712e-01
2.960700877129784914e-01
3.265617989460841697e-01
9.288613503513917236e-01
7.052559993626112966e-01
3.818406115601242767e-01
9.804833826929528762e-01
6.364790910376223465e-01
2.412564746585768027e-01
8.899247026770285007e-02
5.855913824642156040e-01
7.293067186221054987e-01
4.623659154671050375e-01
9.717979406058138148e-01
9.921531895384126942e-01
8.625258591717883672e-01
9.815997458399833286e-01
5.116238358846162404e-01
8.646006325879005416e-01
8.222387637364730884e-01
6.777226150228600199e-01
5.261607296195226491e-01
3.689593052341701984e-01
4.324681318480697589e-01
7.411202897795916567e-01
2.621940467661145746e-01
9.571720115767597958e-01
1.452534345654108439e-01
4.053578497054303176e-01
3.257914353270087160e-01
7.332793209885440922e-01
6.562501536977016769e-01
3.285241655324883103e-01
3.693913272826555572e-01
8.697947740160163477e-01
2.608961688772941656e-01
4.042909443487583410e-01
2.030777798235463560e-01
6.812218398274640929e-01
1.212881590262363529e-01
5.000795542526215165e-01
6.814010965462855562e-01
1.751995698092471132e-01
3.823664157462109969e-01
7.045211182056597687e-01
1.586521016513063875e-01
2.941401498552633775e-01
3.178402602932394183e-01
9.640340184134327250e-01
5.023071127550373660e-01
6.177914796106080964e-01
2.282728377088649729e-02
4.313166290890235732e-01
9.152415863762207726e-01
3.042998221771754386e-01
1.672077513123476633e-01
2.591470259980862556e-01
5.646202418741552709e-02
8.226682963908917845e-01
5.922815257112707954e-01
6.411339268923760271e-01
4.716772283155559187e-01
1.651377786377633550e-01
7.415708703364838339e-01
4.588066368530140382e-01
2.075856953446472142e-01
9.086595307405409550e-03
5.809153419899905080e-01
6.017048005540973632e-01
9.477836792457748905e-01
1.510723369074692402e-01
7.564975425480888749e-01
1.045608692003985318e-01
8.388062095504960070e-01
2.574836630316377217e-01
3.091448413977071485e-01
3.986984005803995146e-02
7.803769012779321335e-01
5.432420567909991282e-01
7.000145767215179005e-01
4.062741810074755877e-01
8.447512795645563122e-01
2.306257066641654863e-01
3.662421307428989081e-01
6.306070344445310338e-01
2.516437651341070225e-01
6.311331996025992819e-02
9.969403543101765797e-01
3.799885275143337626e-01
9.878216143110085667e-01
9.530684928646981913e-02
4.201960780939688611e-01
3.478278085323589508e-01
7.795750151971425623e-01
6.269412482265813713e-01
8.439739265344901042e-01
3.583055838774384938e-02
7.837540845002577417e-01
2.215524250606843992e-01
3.386522439904602333e-01
8.153198239425332172e-01
3.012371826745550152e-01
9.191934012158125000e-01
7.811044993000919590e-01
2.301676650288068116e-01
6.001350820205796355e-01
6.246629586804399725e-01
2.384656787710858206e-01
2.106973770476607832e-01
8.858068393542181118e-01
9.848982614686925263e-01
9.570275281829914160e-01
7.732026062667245458e-01
5.108214404960111921e-01
9.723886189911087330e-01
5.342135069523034074e-01
5.732095569856825445e-01
1.129918474850866161e-02
8.877232727989725625e-02
3.901914436521496388e-01
3.652045400631903638e-01
8.376084932050495979e-01
6.579137042242040323e-01
4.253965617232258190e-01
1.613055720241869384e-01
4.605728326482245727e-01
4.840716416065331540e-01
4.504933446732212188e-01
1.801025720013627041e-02
5.325654094516663051e-02
2.400784013908113801e-01
2.583861949725553275e-01
4.906518940795819850e-01
6.262831630314165121e-01
1.440095951633265647e-01
7.262736166479099031e-01
9.145348792000829174e-02
5.673808852142921966e-01
9.109985463008746231e-01
8.608850580773433903e-01
3.596963047689223369e-01
2.600380010904705941e-01
1.595334857957845243e-01
3.269719507467094832e-01
1.836953546015207550e-01
7.475241088674444701e-01
5.089218872225120816e-01
2.218875635246518874e-01
9.320882091790646529e-01
8.348323013230229961e-01
8.483028672975196915e-01
9.336282956165096181e-01
7.996306701700762742e-01
8.795141994887265557e-01
7.326884098826503822e-01
6.290174676813276022e-02
5.674913753632712110e-01
4.925520185082477020e-02
8.227176778261374723e-01
7.550584692905301099e-01
1.910164018969240374e-01
9.320431857575574019e-01
8.134329335421085494e-01
4.247218339594913683e-01
3.935321337819908116e-02
9.350742769758136896e-01
8.001463981409493442e-01
6.994585712695899904e-02
7.129523250757502373e-01
7.620473323368017748e-01
4.089027317575856246e-01
3.130380739164272397e-01
2.690003783973049512e-01
9.187838330466073788e-01
3.159862099903454347e-01
1.231887584314090844e-01
8.487732265590437475e-01
2.053737863795066509e-01
4.469489996464516279e-01
4.956097612528115315e-01
5.547445857337318653e-02
5.070500507305939486e-01
2.724978067423505790e-01
6.522449695171252948e-01
4.143376603272258540e-01
3.030264006323530879e-01
8.898448369345870468e-01
4.979457563923981311e-01
3.518702270790690090e-01
6.486212104892985497e-02
8.381174874796134544e-01
4.811343799437599600e-01
7.806802293877156407e-01
8.035070162909764280e-01
1.203173470596232697e-01
7.611454793540133323e-01
8.782635060281451800e-01
3.214277257946802635e-01
6.859223356431021212e-01
2.875065867018765653e-01
3.899816611915545295e-01
3.762286769904523709e-01
4.381856422912777660e-02
6.839414482776726700e-01
7.705559560326180613e-01
5.184741558167382802e-02
9.315431674373856330e-01
8.404834892254594569e-01
5.996468487125696800e-01
3.043164627186403237e-01
2.373657280005881942e-01
7.827170589741262452e-01
8.388991955800899625e-01
1.347982885564973365e-01
4.774898330237127286e-01
2.796504271996579361e-01
8.342265804080543079e-01
1.321532832162031212e-02
1.877283215683714923e-01
9.683188903826830396e-01
4.944911479297960932e-01
5.983032613206373806e-02
7.140840459266486473e-01
6.427110124406628655e-01
4.991210075405215774e-01
3.801630460441930426e-01
4.137041659744121747e-01
1.367032583703293724e-01
6.239382046495193235e-01
6.779845381229596679e-01
6.081876505062103755e-01
1.030488149087713801e-01
7.302962918504272150e-01
8.034091582930180664e-01
4.617150327119127207e-01
9.542642878769734827e-01
3.734300335620622802e-01
1.240271481237837925e-01
5.030741256185433663e-02
7.160687313421889577e-01
1.585292939097973086e-01
7.580143138948125525e-01
1.935289721811225272e-01
6.174353473210991705e-02
6.675524878638711135e-01
9.467028179506079555e-01
2.246318233573532108e-01
7.744216304713148480e-01
9.827532193059964616e-01
4.686135667597540744e-01
6.280191468888761674e-01
2.817124765637381012e-01
5.062436128287906012e-02
8.054962204806935810e-01
2.815031566278310970e-01
1.424783618288316678e-02
3.114457408883092304e-01
6.347445103778185382e-01
2.109566904418025413e-02
9.504278178665569454e-01
2.693434681358517491e-01
1.707665912947917697e-01
7.487693571884423971e-02
7.800845189343332819e-01
1.906958949898077682e-01
6.447658559466644679e-01
6.043054071385359771e-01
8.282521423762390089e-01
7.246251668584254846e-01
4.769072332225032795e-01
2.295363999402545430e-01
5.647789365905365733e-01
1.326726069122803331e-01
9.176278642194855006e-01
1.140895737041682789e-01
6.557812068990950261e-01
2.749509386089020735e-01
3.984063962016592964e-01
6.561383484646485797e-01
8.412356403449710029e-01
5.051728390103080724e-01
8.541840222097616397e-01
6.094985967215456046e-01
9.046237808194945718e-02
4.688129411193880935e-01
5.227776156279065889e-01
9.323405157008539668e-01
7.850125520530714107e-01
1.106883969353568142e-01
9.443282505428700624e-01
9.809656697265000114e-01
4.748260186533203031e-01
6.260583021812848870e-01
5.237558897647540679e-01
4.257291525340490823e-01
3.183256109128052014e-02
1.633010431292521991e-01
3.538155167594478900e-01
3.488883762207231065e-01
4.805225140919011650e-02
5.249821347021118578e-01
3.718693924213349877e-01
7.944624245037500421e-01
7.340069736315141258e-01
6.139161922841787078e-01
2.168809380988326874e-01
5.704780628746435323e-01
6.361591509675779132e-01
5.389268589052553793e-02
2.176727553027046902e-02
8.079813585732043002e-01
1.736366574608263491e-01
5.693202030604072039e-02
4.606553563695050535e-01
2.003691105261844463e-01
3.831284905424924281e-01
5.937629967370415818e-01
4.169309839576211818e-01
4.689109128037687313e-01
7.757336633756308775e-01
9.409645390133889453e-01
8.319386518470602843e-01
7.067878364871935659e-01
7.559792192427824409e-01
7.153976344233849982e-01
6.546848194928546194e-01
8.829559273461127233e-01
6.409535096634577656e-02
3.058723886876258957e-01
8.080917492128674162e-01
7.165191751481011506e-01
1.904020482470947240e-02
9.084148081083098791e-02
2.932614010096813439e-01
5.333414608858733086e-02
7.145237332244886996e-01
4.458718070060091465e-01
1.417732619856814091e-01
7.614489045964041303e-01
1.732007297718192174e-01
9.349343981635760414e-02
8.085525693298880601e-01
5.198341822011486313e-01
9.097174090640409716e-01
6.063105994269587518e-01
7.571333898607162105e-01
9.985037112051441399e-01
3.864834213879315694e-01
1.595043202649326641e-02
9.196237428788588408e-01
2.535470698779261900e-01
6.413426223808378346e-01
5.069203429234542257e-01
3.549322005206083652e-01
9.458235856097785277e-02
1.901763924779324988e-01
7.150935563026046271e-01
1.567758752552133039e-01
2.272470943330602289e-01
6.905012379800771205e-01
3.682464891439642951e-01
7.294008216342292572e-01
9.317928496833951524e-01
9.239617972455962391e-01
9.540485562510597761e-01
6.358207748945827742e-01
9.618735908110097599e-01
5.474052447307973246e-01
4.206721334493671582e-01
4.381957768464086467e-01
3.728350723654026977e-01
9.034360826233860386e-01
8.176069933927897493e-01
1.086254309986514066e-01
3.299819281483008515e-01
1.745938749839458515e-01
2.361280051386602796e-01
6.462320057656495420e-01
4.078113543735872870e-02
6.522531430472587877e-01
3.662548782581555029e-01
1.300459594229402827e-01
4.701320630504706166e-01
1.502261181724910966e-01
3.836335699384998410e-01
9.207965928225945174e-01
7.524229309384112829e-01
3.556211065009029504e-01
5.963292751444930762e-01
9.088330444699692645e-01
3.589550323953605293e-01
6.744779452835937272e-01
5.087131276810445968e-01
3.300142699051292761e-01
5.775935228524647913e-01
9.313145060555834132e-01
6.152843212582652654e-01
6.265999508173645260e-01
4.233752840270887940e-02
5.500298453707608282e-01
7.969130294326279840e-01
7.025861407564264471e-01
3.337486491166152813e-02
4.636581700381049442e-01
3.217561928824211881e-01
5.062846096784761052e-01
4.286574203010162787e-01
4.694032466908120149e-01
4.204665429213422234e-01
4.826229598358919848e-01
1.342288653872363291e-01
2.694345213685712670e-01
7.386562017779196854e-02
3.853633411770019945e-01
9.633891086633168399e-01
8.296616053210280617e-01
3.846752958057908511e-02
7.382116949375717718e-01
2.626586893767191011e-01
7.761234767143639912e-01
4.168619065657791500e-01
3.353698640026434585e-01
2.727220997035901817e-01
5.060297174579281299e-01
6.840820992518304999e-01
5.613704588643358973e-01
4.040921401418879899e-01
1.848027385680672818e-02
1.880582234402715658e-01
9.573597710688737106e-01
3.728026028738973263e-02
4.068832566103458559e-01
4.144645103476986003e-01
8.093015286286273646e-01
6.606431491059298056e-01
3.975491643659940788e-01
3.928134422475165755e-01
8.815813694710271653e-01
4.694289595479801402e-01
4.810547479933702242e-01
9.391938298108235550e-01
5.371306881875667072e-01
1.056472035811952814e-01
7.567960402406004317e-01
4.956447663897212141e-01
4.257378775238214175e-01
8.284429689270057517e-01
9.850188822616305906e-01
3.105837710894181480e-01
2.673626385550750273e-01
3.705258071334425196e-01
1.168448922120213229e-02
2.759017072680736149e-02
1.740768393926798163e-01
5.851006152451839748e-01
6.457304585418365273e-01
5.431007161707760433e-01
3.578383257848237742e-01
7.546327559582338695e-01
2.770235275518987406e-01
7.378023439358977198e-01
1.934252288728774971e-01
7.755734326904393239e-01
6.844059922282486053e-02
8.313809245515118018e-01
3.875031071150202289e-01
6.673324033919106890e-01
7.854267587132048867e-01
8.195359141683051796e-01
9.095045313623070227e-01
7.890046945025014358e-01
3.450399434020344769e-01
4.192282397798102744e-01
8.500703316986082392e-01
6.711541009563546378e-01
2.172310990416779219e-01
1.621532858146468303e-01
5.227703316485206031e-01
8.932093714445149546e-01
3.004194928969020628e-01
7.973530697306722148e-01
6.808234277298965686e-01
1.802680596570592764e-01
9.762528265359031732e-01
9.682861353304994534e-02
6.025220254819344534e-01
1.722719777950749709e-01
8.791880188114563621e-01
3.732714559580686542e-01
1.346095406286345053e-01
2.582707827522434663e-01
4.889110359396842131e-02
8.384729366244936255e-01
7.041036119691068684e-02
7.172713859869319641e-01
9.064304721744889104e-01
4.085360073866529662e-01
8.090577303036924350e-01
3.889857222385211255e-01
8.643108726552273247e-03
8.174300717161060437e-01
9.054107599696622488e-01
6.239404788983793360e-02
3.005352284201642243e-01
9.963607751183652939e-01
7.027746239533625427e-01
6.289030898895070498e-01
4.340379558318605557e-01
7.105032649922043975e-01
4.784104275032593501e-01
3.513520941631850247e-01
4.257880248047453131e-01
4.584027505024039773e-01
8.136764957947738575e-01
6.089508378867971583e-01
4.165053190391917459e-01
9.909817573041582728e-01
6.965420437662729336e-01
4.379416600139575122e-01
1.733359234944618077e-01
3.649425720402710294e-02
5.426631290982806277e-01
3.234708390135256906e-01
3.674510643721498049e-01
6.376301016137679856e-01
6.515236967592780148e-01
9.998517861819089525e-02
7.688102080846531683e-01
7.381348037567579956e-01
8.810682550196922147e-01
2.460418805737095704e-01
7.088471725779665888e-02
3.990884208756146911e-01
1.995045607385530495e-01
6.810793947773197132e-01
9.743038942884191256e-01
4.289877629381444457e-02
3.044026603811995635e-01
3.364471384056374470e-01
2.147679478299354683e-01
9.759733399978441915e-01
3.711400864091412011e-01
9.125618347485385806e-01
3.382345886088268250e-01
2.633500135127516684e-01
4.114565859760308530e-01
5.776701941928984452e-01
9.549700788388465478e-01
1.418550646572402929e-01
8.531209453682021548e-01
5.541666462992582698e-01
2.812095634114766263e-01
6.111035193679001942e-01
5.430185891872175707e-01
5.067880774580300063e-01
6.495058275443351681e-01
1.045822162341680794e-02
8.855455730114190072e-01
5.687408738161183752e-01
4.356805900542423116e-01
5.219077489492390809e-01
5.223516520971409616e-01
1.605602107740389251e-02
3.921951361909583600e-01
6.460487382866419992e-02
6.546839639763427643e-01
5.862412796802528581e-01
2.332156644136190726e-01
7.357250245713011783e-01
8.453251075007203186e-01
1.436441923963560630e-02
6.097499044273699820e-01
1.932225685646886681e-01
7.297862532093868371e-02
8.239532442174709592e-01
2.304738262889026723e-01
1.231422553765557648e-01
6.940597473169782816e-01
4.988563482953143335e-01
7.447003064288502117e-01
8.266519815215855882e-02
9.957777640836368294e-01
7.211939394142998783e-01
7.067772556145572871e-01
1.006839680805435844e-01
1.980762777569651245e-01
7.305808932853952165e-01
3.374794867573510659e-01
9.547161171237602550e-01
8.988131922105693228e-01
7.047277930929899403e-01
6.424103848317492815e-01
5.016067949659541725e-02
5.557177876303756037e-01
5.054997819869998521e-01
4.467036525760186283e-01
5.247101300926427792e-01
7.415751871247130422e-01
2.037345843560806058e-01
8.307678454043548877e-01
4.075320950669886200e-01
9.143293990545138250e-01
1.410168189992104804e-01
1.681133194941901721e-01
1.896325412064094884e-01
4.247392186329579378e-01
1.566091712351215248e-01
2.246167146371237378e-01
7.123227196645531833e-01
1.444850201432709147e-01
9.489447164644235766e-01
8.566818263039677195e-02
2.939911453654353579e-02
6.308685241187883541e-03
2.090464146972731418e-01
5.758261385991927384e-01
1.563002738251321189e-01
6.250529796151786943e-01
6.352516631300221261e-01
7.872728622143361221e-01
2.849364078764693442e-01
1.945905400490005599e-01
4.532958477053017354e-01
4.319396424450365757e-01
6.240161536509242213e-01
3.429049495000461301e-01
2.178091692068382379e-01
2.914114224702516465e-01
8.012300688256618342e-01
2.531688924344828173e-01
3.606342585109740817e-01
8.625999316635655223e-01
8.904245917542715771e-01
1.860120346381010092e-01
9.901933944760465955e-01
3.863490482996920772e-01
1.814737298273634281e-01
8.640751176662944122e-01
4.116843514490817757e-01
4.814571529248432569e-01
2.234702617570015759e-01
1.495755839688195366e-01
8.697129571867490139e-02
4.535384207401875756e-01
4.484757324155775882e-01
9.980726199862141046e-01
2.346021422363542275e-02
5.357405133098848138e-01
9.200586313739712585e-01
6.984779331134460811e-02
7.791233998430732166e-01
2.210286206483120797e-01
8.351956645768249254e-01
3.125659059293302011e-01
8.637035687330805178e-01
1.185466980489989774e-01
5.380856462396133022e-02
4.106577382882514726e-02
6.157492911377142608e-01
8.653805263995388852e-01
2.598641356596688157e-01
8.757800872715525431e-01
6.609360059599866943e-01
6.974615111415539692e-01
2.019793670223337667e-01
2.609256319468482577e-01
9.228116369289366405e-01
8.102013235404569302e-01
5.132933964760187928e-01
5.658705667680737905e-01
1.002065364148536641e-01
7.307443030790503613e-01
5.476876345612032848e-01
8.284027991577141981e-01
8.436809508129941015e-01
2.067033666715971663e-01
9.050153198159723855e-01
7.991920180798890438e-01
8.054764933185133424e-01
4.676159950070007953e-01
4.814266477565364299e-01
2.406319310731492855e-01
1.658681593776767382e-01
8.600792541191160101e-02
9.191373563649209988e-01
3.347235590255628335e-01
3.531293984704640954e-01
7.497762221762980239e-01
1.601807345440550145e-01
2.746363119877832659e-01
4.739132657858993181e-01
6.672078682821208639e-01
4.305885575718425562e-01
4.354158711581523900e-02
5.463299155423483322e-01
7.719534537778505179e-02
1.044904540348502442e-01
5.659535060577225440e-02
9.582512389370172468e-01
2.303275845785652809e-01
2.161633438428733900e-02
8.456058972480241520e-01
3.002846233199896187e-01
9.946282240158194066e-01
2.212995158781354554e-01
5.504890559201932598e-01
6.550511564221800365e-01
1.990190633324427916e-01
2.509640438921263428e-01
2.853822041156054423e-01
3.719484591477304480e-01
1.829105530185926032e-02
8.153780461749307040e-01
2.455878357223977293e-01
3.185522545450419907e-01
5.881614820822744782e-01
2.596707868770319338e-01
9.677800781944716491e-01
8.864844128820877911e-01
3.781018756225984490e-01
2.110404342470719730e-01
7.343448419210973910e-02
2.567145273682218676e-01
7.168657126026077853e-01
5.399707294446703942e-01
5.074193154173185505e-01
8.648419668086041456e-01
6.152813932637337668e-01
4.129458066895609347e-01
1.771954625622712554e-01
3.648198694880366855e-02
3.363997724341759588e-01
7.218141754771523200e-02
1.490810390306462896e-01
8.289692701262434404e-01
8.089293003558588602e-01
5.748596165885119236e-01
6.098786042506558758e-01
9.889009801606915007e-01
9.461691882651573904e-01
4.892245616439431233e-01
3.015126405359623840e-01
1.609107573862763596e-01
1.082545593382367999e-01
4.075321358172956376e-02
5.267240887496515978e-02
6.667090154035162364e-01
9.299128113943813112e-01
5.109745089351033220e-01
8.108480541601403857e-03
6.917534987896556409e-01
3.473365195743804978e-01
1.223518898899520480e-01
2.974704868863718987e-01
3.442441464338624746e-01
2.886135178842667015e-01
3.589030023638556388e-01
7.989512145967025969e-01
9.403409681596125447e-01
3.775273274639469046e-01
3.830685609891836263e-01
6.381833060843828953e-01
5.567373324326794215e-01
1.111601945615382503e-01
5.808315039518037182e-01
8.535659950352775249e-01
9.064212320531599421e-01
3.538470923636471976e-02
7.420160316213055829e-01
3.645543510150053290e-01
4.971266929865447715e-02
2.782395173356344564e-02
5.364112424917214517e-01
3.770486723521618844e-01
8.150545425174442471e-01
9.830253437566349728e-01
2.061642775863796739e-01
3.768989200644331516e-01
9.839777228467162518e-01
6.425799742452932284e-01
1.887207685626401954e-01
2.548730615104850550e-01
8.714668294777604407e-01
4.723123819050636385e-01
4.330432352209599989e-01
4.914275955017886055e-01
7.702348303343781177e-01
9.688244834310103526e-01
2.686231400986072160e-01
2.950580194536684964e-01
3.698884499277232951e-01
3.712486046223959502e-01
4.938631270344239210e-01
5.133177794278438455e-01
8.729501045653492719e-01
4.070326141398640241e-01
7.725015030750721490e-01
7.799235071893505511e-01
7.133986683108788363e-01
5.760746692698288651e-01
4.868755979948592438e-01
5.878105364426359225e-01
9.789870363500878803e-01
1.434005616424075535e-01
5.506892719359377519e-01
6.654783066847613782e-02
4.521579844494132416e-01
3.581433608730671958e-01
5.221716366300310774e-03
1.854496087362615953e-01
2.532189240965166954e-01
9.018638220746599821e-02
9.063909311357870591e-01
4.652759741691646633e-01
1.193190674649582395e-01
5.064989264654684575e-01
4.068920694247590841e-02
7.780814367597865822e-02
9.850662214355265789e-01
8.425531153212476587e-01
3.753806898663336611e-01
1.326742767619765173e-01
8.870251125006456405e-02
1.805869454779212013e-01
7.227128686658025325e-01
7.893665404940313213e-01
4.928317027975783748e-01
2.638515378569494807e-01
2.047919803289625085e-01
9.173832953808840340e-01
7.757061708871147987e-01
3.089954651779394101e-01
2.996752773337297837e-01
6.574746043667667461e-02
3.275869835224523019e-01
4.117795063651058518e-01
8.017720396930616555e-02
5.099941498916027438e-02
5.339644648634158663e-01
2.449372973760022276e-03
2.541794279809659329e-01
5.183464282887966235e-01
2.951561699375954140e-01
1.461473225475435900e-01
4.333881531739154358e-01
8.214028079013502293e-02
7.541013382246968266e-01
3.943265196195390176e-01
4.989765576518017109e-01
1.381242171337456748e-01
4.809602940697326190e-01
7.182251084968449550e-02
6.813689883932302349e-01
4.528291683387198896e-01
6.575667035376698832e-01
9.520505078282993638e-01
5.176549310286989725e-01
1.492939666432316903e-01
9.220720791169551012e-01
5.026900214869435279e-01
3.404065009932710772e-02
2.735878832013419748e-01
8.797416121732067884e-01
9.069700548354295844e-01
5.947164808042659789e-01
8.528764019331778190e-01
4.452250020709689338e-01
5.935143283107545686e-01
7.704047929098024605e-01
1.452871979974716954e-01
2.616624980018226188e-01
3.215597644746233108e-01
9.386125047764942719e-01
8.111787151153714293e-01
6.981752695273788500e-01
8.157273428760102307e-01
2.209943431522737312e-01
7.856873790474054875e-01
1.313895148999849605e-01
2.784184263006002080e-01
3.255409509754477737e-01
7.201964957774017462e-01
1.941345965784490035e-01
4.995428684332422486e-01
6.161718084215392910e-01
6.356614838089169606e-01
7.147505383301357984e-01
7.094014284545061555e-01
9.911620445808850821e-01
1.205025472102119188e-01
3.493914606671977285e-01
7.712077060836218800e-01
1.069404896032037922e-01
1.036107845875362532e-01
3.895337200053367033e-01
4.282859751633931733e-01
7.578137326502000226e-01
7.405921903830470221e-02
2.572578189309334684e-01
7.761012949172770847e-01
1.569846986468134142e-01
2.516478034560364341e-01
9.483973430421139827e-01
8.076020428479976365e-01
1.810306617697750031e-01
1.709045222530658492e-02
3.180879932462776782e-02
9.011296886382051952e-01
8.098760976857105609e-01
5.765852052419049301e-01
3.694557714865852605e-01
1.499807716424583770e-02
2.904990492650775247e-01
1.886039882776786580e-01
7.218912417316624142e-01
7.264897094346564055e-01
6.643602702959117146e-01
3.697985439351162418e-01
4.362496435297869013e-01
4.147685221082013651e-01
2.252678846412519142e-01
7.313595079199111115e-01
5.103518832968887420e-01
3.640919691854930251e-01
9.721266516582972583e-01
1.649311427233275396e-01
9.122311852603977034e-01
6.873165569361826543e-01
4.092624830545531500e-01
3.394755933173096984e-01
4.202054898378571046e-02
9.357289024057735549e-02
6.237792956166388070e-01
6.202776265355148810e-01
7.127507370505714590e-04
6.283655849406490912e-01
4.498130018130201968e-01
4.307870254513592734e-01
1.602219777270184053e-01
7.587685036716540488e-01
9.937831060469116684e-01
3.488392851249856319e-01
3.667622412009334809e-01
8.237414651746726157e-01
7.780191190736293061e-01
9.970663923340171708e-01
4.847748492090172556e-01
5.454298174147274025e-01
6.523428708261558295e-01
3.292214730526135114e-01
7.868753856620431808e-01
9.494497621154384115e-01
9.222251936698928620e-01
9.457399119781328967e-02
6.191730582284815654e-01
3.253794748965248562e-01
6.751253053599903797e-01
4.424229124000423896e-01
3.949100746366984716e-02
8.100453358279545713e-01
6.026235988257453435e-01
4.042577110661431661e-01
9.308637550773736224e-01
5.826208404036918864e-01
6.108530508593349451e-01
8.802401552273050322e-01
2.220165847667521231e-02
4.242143001706200067e-01
3.869962326747840020e-01
9.278212936124502486e-01
7.778212004657544254e-01
7.463360360370528968e-01
5.921571307280160124e-01
2.522868709251339103e-01
2.056797940694385929e-01
1.929961362755533427e-01
5.341340428590590772e-02
3.436216293166995950e-01
7.313918368962593064e-01
4.913169239147278100e-01
7.957989757143210108e-01
7.474319163288822843e-02
5.511057670695498345e-01
9.177200965240127628e-01
7.184759456647387132e-01
1.674759009589060765e-01
8.511146270964456972e-01
8.016863455098000024e-02
3.530492438046373138e-03
2.342595387035396604e-01
7.672195316143389787e-01
3.691051549057998704e-01
6.372285444718487346e-01
4.992191133786497703e-01
6.880363055792770854e-01
2.260281540577979698e-02
6.309340002893739641e-01
2.873733639954454411e-01
7.661412917259324828e-01
7.295038993535443161e-01
4.653185281791220040e-01
6.003767524029789415e-01
3.597845778056940613e-02
6.693217810170637438e-01
3.738192118913767903e-01
9.372678571718181528e-01
6.272357219640627424e-01
8.999992328193163749e-01
9.546729101628181891e-01
4.125247547737562748e-01
5.327795648322106725e-01
8.025176498582871076e-01
4.120430843037803381e-01
3.479493435800972145e-01
3.496081366178418470e-01
9.537361604792272685e-01
8.165023378935654108e-03
8.883915727876755541e-01
7.866019923961719007e-01
1.316622616730741546e-01
6.272574402606994060e-01
7.416394731562667708e-01
2.086205769694360335e-01
2.224894133352884884e-01
5.939482400424382913e-01
2.031285100257684828e-01
8.321251651528768223e-01
9.185484317656742448e-01
7.102993640135285558e-01
1.550495163876079996e-01
5.265560972264671236e-02
2.658756575477571049e-01
4.346473693447082676e-01
1.056647750342182279e-01
6.443305819928253353e-01
9.579300744044119131e-01
8.317912544243454276e-01
6.823996175735241865e-01
8.367536282344184562e-01
