2600.000000000000 1835.600000000000 900.000000000000 1511.800000000000 6.000000000000 300.000000000000 0.030000000000 10.000000000000 0.405941614373
2860.000000000000 1652.040000000000 990.000000000000 1360.620000000000 6.600000000000 270.000000000000 0.033000000000 9.000000000000 0.341754229876
2340.000000000000 2019.160000000000 810.000000000000 1662.980000000000 5.400000000000 330.000000000000 0.027000000000 11.000000000000 0.462827245709
2470.000000000000 1743.820000000000 945.000000000000 1285.030000000000 6.900000000000 345.000000000000 0.025500000000 10.500000000000 0.346880586811
2990.000000000000 2110.940000000000 765.000000000000 1587.390000000000 5.700000000000 285.000000000000 0.031500000000 8.500000000000 0.357526295437
2730.000000000000 1560.260000000000 855.000000000000 1436.210000000000 5.100000000000 315.000000000000 0.034500000000 11.500000000000 0.457753433604
2210.000000000000 1927.380000000000 1035.000000000000 1738.569999999999 6.300000000000 255.000000000000 0.028500000000 9.500000000000 0.479604387622
2275.000000000000 1697.930000000000 832.500000000000 1625.185000000000 6.150000000000 262.500000000000 0.024750000000 11.750000000000 0.649940190332
2795.000000000000 2065.050000000000 1012.500000000000 1322.825000000000 4.950000000000 322.500000000000 0.030750000000 9.750000000000 0.293648873775
3055.000000000000 1514.370000000000 922.500000000000 1776.365000000000 5.550000000000 292.500000000000 0.033750000000 10.750000000000 0.464044513451
2535.000000000000 1881.490000000000 742.500000000000 1474.005000000000 6.750000000000 352.500000000000 0.027750000000 8.750000000000 0.337102081431
2405.000000000000 1606.150000000000 1057.500000000000 1549.595000000000 5.850000000000 337.500000000000 0.026250000000 9.250000000000 0.344461885600
2925.000000000000 1973.270000000000 877.500000000000 1247.235000000000 7.050000000000 277.500000000000 0.032250000000 11.250000000000 0.393459049496
2665.000000000000 1789.710000000000 787.500000000000 1700.775000000000 6.450000000000 307.500000000000 0.035250000000 8.250000000000 0.371898531584
2145.000000000000 2156.830000000000 967.500000000000 1398.415000000000 5.250000000000 247.500000000000 0.029250000000 10.250000000000 0.481930660667
2177.500000000000 1812.655000000000 1023.750000000000 1455.107500000000 5.475000000000 281.250000000000 0.030375000000 11.375000000000 0.495789748673
2697.500000000000 2179.775000000000 843.750000000000 1757.467500000000 6.675000000000 341.250000000000 0.024375000000 9.375000000000 0.345156882933
2957.500000000000 1629.095000000000 753.750000000000 1303.927500000000 6.075000000000 251.250000000000 0.027375000000 10.375000000000 0.490096171546
2437.500000000000 1996.215000000000 933.750000000000 1606.287500000000 4.875000000000 311.250000000000 0.033375000000 8.375000000000 0.335383942602
2567.500000000000 1537.315000000000 888.750000000000 1379.517500000000 6.375000000000 326.250000000000 0.031875000000 9.875000000000 0.376755811936
3087.500000000000 1904.435000000000 1068.750000000000 1681.877500000000 5.175000000000 266.250000000000 0.025875000000 11.875000000000 0.463277247059
2827.500000000000 1720.875000000000 978.750000000000 1228.337500000000 5.775000000000 356.250000000000 0.028875000000 8.875000000000 0.248744916331
2307.500000000000 2087.995000000000 798.750000000000 1530.697500000000 6.975000000000 296.250000000000 0.034875000000 10.875000000000 0.472914463646
2242.500000000000 1583.205000000000 911.250000000000 1719.672500000000 6.825000000000 288.750000000000 0.031125000000 8.625000000000 0.443093867765
2762.500000000000 1950.325000000000 731.250000000000 1417.312500000000 5.625000000000 348.750000000000 0.025125000000 10.625000000000 0.386361494039
3022.500000000000 1766.765000000000 821.250000000000 1568.492500000000 5.025000000000 258.750000000000 0.028125000000 9.625000000000 0.455465608259
2502.500000000000 2133.885000000000 1001.250000000000 1266.132500000000 6.225000000000 318.750000000000 0.034125000000 11.625000000000 0.359064297585
2372.500000000000 1674.985000000000 776.250000000000 1795.262500000000 5.325000000000 303.750000000000 0.032625000000 10.125000000000 0.527141774301
2892.500000000000 2042.105000000000 956.250000000000 1492.902500000000 6.525000000000 243.750000000000 0.026625000000 8.125000000000 0.347705845289
2632.500000000000 1491.425000000000 1046.250000000000 1644.082500000000 7.125000000000 333.750000000000 0.029625000000 11.125000000000 0.409947715355
2112.500000000000 1858.545000000000 866.250000000000 1341.722500000000 5.925000000000 273.750000000000 0.035625000000 9.125000000000 0.430198108962
2128.750000000000 1663.512500000000 939.375000000000 1559.043750000000 6.487500000000 316.875000000000 0.027187500000 10.687500000000 0.476486016551
2648.750000000000 2030.632500000000 759.375000000000 1256.683750000000 5.287500000000 256.875000000000 0.033187500000 8.687500000000 0.388781919726
2908.750000000000 1479.952500000000 849.375000000000 1710.223750000000 5.887500000000 346.875000000000 0.030187500000 11.687500000000 0.463513959897
2388.750000000000 1847.072500000000 1029.375000000000 1407.863750000000 7.087500000000 286.875000000000 0.024187500000 9.687500000000 0.381738616036
2518.750000000000 1571.732500000000 804.375000000000 1634.633750000000 5.587500000000 271.875000000000 0.028687500000 8.187500000000 0.445842395050
3038.750000000000 1938.852500000000 984.375000000000 1332.273750000000 6.787500000000 331.875000000000 0.034687500000 10.187500000000 0.287007998777
2778.750000000000 1755.292500000000 1074.375000000000 1785.813750000000 6.187500000000 241.875000000000 0.031687500000 9.187500000000 0.435005834141
2258.750000000000 2122.412500000000 894.375000000000 1483.453750000000 4.987500000000 301.875000000000 0.025687500000 11.187500000000 0.461394991108
2323.750000000000 1525.842500000000 1006.875000000000 1294.478750000000 5.137500000000 309.375000000000 0.027937500000 9.437500000000 0.367462235967
2843.750000000000 1892.962500000000 826.875000000000 1596.838750000000 6.337500000000 249.375000000000 0.033937500000 11.437500000000 0.543436697001
3103.750000000000 1709.402500000000 736.875000000000 1445.658750000000 6.937500000000 339.375000000000 0.030937500000 8.437500000000 0.307104767404
2583.750000000000 2076.522500000000 916.875000000000 1748.018750000000 5.737500000000 279.375000000000 0.024937500000 10.437500000000 0.466549821550
2453.750000000000 1801.182500000000 871.875000000000 1218.888750000000 6.637500000000 294.375000000000 0.029437500000 11.937500000000 0.456679914608
2973.750000000000 2168.302500000000 1051.875000000000 1521.248750000000 5.437500000000 354.375000000000 0.035437500000 9.937500000000 0.270634008811
2713.750000000000 1617.622500000000 961.875000000000 1370.068750000000 4.837500000000 264.375000000000 0.032437500000 10.937500000000 0.461323125796
2193.750000000000 1984.742500000000 781.875000000000 1672.428750000000 6.037500000000 324.375000000000 0.026437500000 8.937500000000 0.405259251954
2161.250000000000 1640.567500000000 815.625000000000 1804.711250000000 7.162500000000 358.125000000000 0.033562500000 9.812500000000 0.445859449195
2681.250000000000 2007.687500000000 995.625000000000 1502.351250000000 5.962500000000 298.125000000000 0.027562500000 11.812500000000 0.429180421032
2941.250000000000 1824.127500000000 905.625000000000 1653.531250000000 5.362500000000 328.125000000000 0.024562500000 8.812500000000 0.327658348307
2421.250000000000 2191.247500000000 725.625000000000 1351.171250000000 6.562500000000 268.125000000000 0.030562500000 10.812500000000 0.492923728152
2551.250000000000 1732.347500000000 1040.625000000000 1729.121250000000 5.062500000000 253.125000000000 0.035062500000 11.312500000000 0.543029994548
3071.250000000000 2099.467500000000 860.625000000000 1426.761250000000 6.262500000000 313.125000000000 0.029062500000 9.312500000000 0.309621955074
2811.250000000000 1548.787500000000 770.625000000000 1577.941250000000 6.862500000000 283.125000000000 0.026062500000 10.312500000000 0.502941215923
2291.250000000000 1915.907500000000 950.625000000000 1275.581250000000 5.662500000000 343.125000000000 0.032062500000 8.312500000000 0.276981714805
2226.250000000000 1778.237500000000 748.125000000000 1388.966250000000 5.812500000000 335.625000000000 0.034312500000 10.062500000000 0.428564023283
2746.250000000000 2145.357500000000 928.125000000000 1691.326250000000 7.012500000000 275.625000000000 0.028312500000 8.062500000000 0.336358079073
3006.250000000000 1594.677500000000 1018.125000000000 1237.786250000000 6.412500000000 305.625000000000 0.025312500000 11.062500000000 0.342705534499
2486.250000000000 1961.797500000000 838.125000000000 1540.146250000000 5.212500000000 245.625000000000 0.031312500000 9.062500000000 0.469597063650
2356.250000000000 1502.897500000000 973.125000000000 1464.556250000000 6.112500000000 260.625000000000 0.035812500000 8.562500000000 0.417538899885
2876.250000000000 1870.017500000000 793.125000000000 1766.916250000000 4.912500000000 320.625000000000 0.029812500000 10.562500000000 0.444750421178
2616.250000000000 1686.457500000000 883.125000000000 1313.376250000000 5.512500000000 290.625000000000 0.026812500000 9.562500000000 0.388054006571
2096.250000000000 2053.577500000000 1063.125000000000 1615.736250000000 6.712500000000 350.625000000000 0.032812500000 11.562500000000 0.404819561490
2104.375000000000 1761.028750000000 880.312500000000 1696.050625000000 5.306250000000 344.062500000000 0.028781250000 10.781250000000 0.474873029949
2624.375000000000 2128.148750000000 1060.312500000000 1393.690625000000 6.506250000000 284.062500000000 0.034781250000 8.781250000000 0.301143940971
2884.375000000000 1577.468750000000 970.312500000000 1544.870625000000 7.106250000000 314.062500000000 0.031781250000 11.781250000000 0.424334211286
2364.375000000000 1944.588750000000 790.312500000000 1242.510625000000 5.906250000000 254.062500000000 0.025781250000 9.781250000000 0.467095258797
2494.375000000000 1485.688750000000 1015.312500000000 1771.640625000000 6.806250000000 269.062500000000 0.027281250000 8.281250000000 0.420725894218
3014.375000000000 1852.808750000000 835.312500000000 1469.280625000000 5.606250000000 329.062500000000 0.033281250000 10.281250000000 0.358272424862
2754.375000000000 1669.248750000000 745.312500000000 1620.460624999999 5.006250000000 299.062500000000 0.030281250000 9.281250000000 0.444952712282
2234.375000000000 2036.368750000000 925.312500000000 1318.100625000000 6.206250000000 359.062500000000 0.024281250000 11.281250000000 0.370802445072
2299.375000000000 1623.358750000000 767.812500000000 1507.075625000000 6.356250000000 351.562500000000 0.029531250000 9.031250000000 0.389725128725
2819.375000000000 1990.478750000000 947.812500000000 1809.435625000000 5.156250000000 291.562500000000 0.035531250000 11.031250000000 0.451676313118
3079.375000000000 1806.918750000000 1037.812500000000 1355.895625000000 5.756250000000 321.562500000000 0.032531250000 8.031250000000 0.236527364071
2559.375000000000 2174.038750000000 857.812500000000 1658.255625000000 6.956250000000 261.562500000000 0.026531250000 10.031250000000 0.466245551057
2429.375000000000 1715.138750000000 902.812500000000 1431.485625000000 5.456250000000 246.562500000000 0.028031250000 11.531250000000 0.580090201323
2949.375000000000 2082.258750000000 722.812500000000 1733.845625000000 6.656250000000 306.562500000000 0.034031250000 9.531250000000 0.400472041753
2689.375000000000 1531.578750000000 812.812500000000 1280.305625000000 6.056250000000 276.562500000000 0.031031250000 10.531250000000 0.461181026781
2169.375000000000 1898.698750000000 992.812500000000 1582.665625000000 4.856250000000 336.562500000000 0.025031250000 8.531250000000 0.334794269666
2201.875000000000 1554.523750000000 959.062500000000 1601.563125000000 5.981250000000 302.812500000000 0.035156250000 9.656250000000 0.449506999173
2721.875000000000 1921.643750000000 779.062500000000 1299.203125000000 7.181250000000 242.812500000000 0.029156250000 11.656250000000 0.535831446618
2981.875000000000 1738.083750000000 869.062500000000 1752.743125000000 6.581250000000 332.812500000000 0.026156250000 8.656250000000 0.334887680959
2461.875000000000 2105.203750000000 1049.062500000000 1450.383125000000 5.381250000000 272.812500000000 0.032156250000 10.656250000000 0.413135922493
2591.875000000000 1829.863750000000 734.062500000000 1525.973125000000 6.281250000000 287.812500000000 0.033656250000 11.156250000000 0.522731078618
3111.875000000000 2196.983750000000 914.062500000000 1223.613125000000 5.081250000000 347.812500000000 0.027656250000 9.156250000000 0.238339756138
2851.875000000000 1646.303750000000 1004.062500000000 1677.153125000000 5.681250000000 257.812500000000 0.024656250000 10.156250000000 0.469772275193
2331.875000000000 2013.423750000000 824.062500000000 1374.793125000000 6.881250000000 317.812500000000 0.030656250000 8.156250000000 0.319452094946
2266.875000000000 1692.193750000000 1071.562500000000 1261.408125000000 7.031250000000 325.312500000000 0.035906250000 10.406250000000 0.343736834161
2786.875000000000 2059.313750000000 891.562500000000 1563.768125000000 5.831250000000 265.312500000000 0.029906250000 8.406250000000 0.361634444061
3046.875000000000 1508.633750000000 801.562500000000 1412.588125000000 5.231250000000 355.312500000000 0.026906250000 11.406250000000 0.401054094672
2526.875000000000 1875.753750000000 981.562500000000 1714.948125000000 6.431250000000 295.312500000000 0.032906250000 9.406250000000 0.394418159382
2396.875000000000 1600.413750000000 846.562500000000 1336.998125000000 4.931250000000 280.312500000000 0.034406250000 8.906250000000 0.415328582234
2916.875000000000 1967.533750000000 1026.562500000000 1639.358125000000 6.131250000000 340.312500000000 0.028406250000 10.906250000000 0.345382617430
2656.875000000000 1783.973750000000 936.562500000000 1488.178125000000 6.731250000000 250.312500000000 0.025406250000 9.906250000000 0.459338829859
2136.875000000000 2151.093750000000 756.562500000000 1790.538125000000 5.531250000000 310.312500000000 0.031406250000 11.906250000000 0.564247290793
2120.625000000000 1565.996250000000 1054.687500000000 1422.036875000000 6.018750000000 297.187500000000 0.025593750000 8.468750000000 0.370570515207
2640.625000000000 1933.116250000000 874.687500000000 1724.396875000000 4.818750000000 357.187500000000 0.031593750000 10.468750000000 0.383203802838
2900.625000000000 1749.556250000000 784.687500000000 1270.856875000000 5.418750000000 267.187500000000 0.034593750000 9.468750000000 0.400137881585
2380.625000000000 2116.676250000000 964.687500000000 1573.216875000000 6.618750000000 327.187500000000 0.028593750000 11.468750000000 0.413928356290
2510.625000000000 1657.776250000000 829.687500000000 1497.626875000000 5.718750000000 312.187500000000 0.024093750000 10.968750000000 0.480601093977
3030.625000000000 2024.896250000000 1009.687500000000 1799.986875000000 6.918750000000 252.187500000000 0.030093750000 8.968750000000 0.383118058491
2770.625000000000 1474.216250000000 919.687500000000 1346.446875000000 6.318750000000 342.187500000000 0.033093750000 11.968750000000 0.400920033967
2250.625000000000 1841.336250000000 739.687500000000 1648.806875000000 5.118750000000 282.187500000000 0.027093750000 9.968750000000 0.542844173551
2315.625000000000 1795.446250000000 987.187500000000 1762.191875000000 4.968750000000 274.687500000000 0.026343750000 11.718750000000 0.579355392124
2835.625000000000 2162.566250000000 807.187500000000 1459.831875000000 6.168750000000 334.687500000000 0.032343750000 9.718750000000 0.328181855501
3095.625000000000 1611.886250000000 897.187500000000 1611.011875000000 6.768750000000 244.687500000000 0.035343750000 10.718750000000 0.490392094261
2575.625000000000 1979.006250000000 1077.187500000000 1308.651875000000 5.568750000000 304.687500000000 0.029343750000 8.718750000000 0.282775837223
2445.625000000000 1520.106250000000 762.187500000000 1686.601875000000 7.068750000000 319.687500000000 0.024843750000 9.218750000000 0.461307369103
2965.625000000000 1887.226250000000 942.187500000000 1384.241875000000 5.868750000000 259.687500000000 0.030843750000 11.218750000000 0.435098581657
2705.625000000000 1703.666250000000 1032.187500000000 1535.421875000000 5.268750000000 349.687500000000 0.033843750000 8.218750000000 0.270702536320
2185.625000000000 2070.786250000000 852.187500000000 1233.061875000000 6.468750000000 289.687500000000 0.027843750000 10.218750000000 0.415069299136
2153.125000000000 1726.611250000000 795.937500000000 1327.549375000000 6.693750000000 255.937500000000 0.031968750000 11.093750000000 0.580798244534
2673.125000000000 2093.731250000000 975.937500000000 1629.909375000000 5.493750000000 315.937500000000 0.025968750000 9.093750000000 0.331136916715
2933.125000000000 1543.051250000000 1065.937500000000 1478.729375000000 4.893750000000 285.937500000000 0.028968750000 10.093750000000 0.377684751543
2413.125000000000 1910.171250000000 885.937500000000 1781.089375000000 6.093750000000 345.937500000000 0.034968750000 8.093750000000 0.322953314891
2543.125000000000 1634.831250000000 930.937500000000 1251.959375000000 5.193750000000 330.937500000000 0.030468750000 9.593750000000 0.331818957258
3063.125000000000 2001.951250000000 750.937500000000 1554.319375000000 6.393750000000 270.937500000000 0.024468750000 11.593750000000 0.512592644418
2803.125000000000 1818.391250000000 840.937500000000 1403.139375000000 6.993750000000 300.937500000000 0.027468750000 8.593750000000 0.332737566480
2283.125000000000 2185.511250000000 1020.937500000000 1705.499375000000 5.793750000000 240.937500000000 0.033468750000 10.593750000000 0.517588286541
2218.125000000000 1497.161250000000 863.437500000000 1516.524375000000 5.643750000000 248.437500000000 0.032718750000 8.843750000000 0.520937526840
2738.125000000000 1864.281250000000 1043.437500000000 1214.164375000000 6.843750000000 308.437500000000 0.026718750000 10.843750000000 0.327302348518
2998.125000000000 1680.721250000000 953.437500000000 1667.704375000000 6.243750000000 278.437500000000 0.029718750000 9.843750000000 0.412078111938
2478.125000000000 2047.841250000000 773.437500000000 1365.344375000000 5.043750000000 338.437500000000 0.035718750000 11.843750000000 0.432606290926
2348.125000000000 1772.501250000000 998.437500000000 1592.114375000000 6.543750000000 353.437500000000 0.031218750000 10.343750000000 0.372184922961
2868.125000000000 2139.621250000000 818.437500000000 1289.754375000000 5.343750000000 293.437500000000 0.025218750000 8.343750000000 0.301646461155
2608.125000000000 1588.941250000000 728.437500000000 1743.294375000000 5.943750000000 323.437500000000 0.028218750000 11.343750000000 0.551395406169
2088.125000000000 1956.061250000000 908.437500000000 1440.934375000000 7.143750000000 263.437500000000 0.034218750000 9.343750000000 0.447637015146
2092.187500000000 1712.270625000000 1002.656250000000 1778.727187500000 5.915625000000 290.156250000000 0.029578125000 9.953125000000 0.497864488145
2612.187500000000 2079.390625000000 822.656250000000 1476.367187500000 7.115625000000 350.156250000000 0.035578125000 11.953125000000 0.401818784529
2872.187500000000 1528.710625000000 732.656250000000 1627.547187500000 6.515625000000 260.156250000000 0.032578125000 8.953125000000 0.487159581207
2352.187500000000 1895.830625000000 912.656250000000 1325.187187500000 5.315625000000 320.156250000000 0.026578125000 10.953125000000 0.407837123851
2482.187500000000 1620.490625000000 867.656250000000 1703.137187500000 6.215625000000 305.156250000000 0.028078125000 11.453125000000 0.535054345906
3002.187500000000 1987.610625000000 1047.656250000000 1400.777187500000 5.015625000000 245.156250000000 0.034078125000 9.453125000000 0.359059327429
2742.187500000000 1804.050625000000 957.656250000000 1551.957187500000 5.615625000000 335.156250000000 0.031078125000 10.453125000000 0.364881039078
2222.187500000000 2171.170625000000 777.656250000000 1249.597187500000 6.815625000000 275.156250000000 0.025078125000 8.453125000000 0.372561676073
2287.187500000000 1482.820625000000 935.156250000000 1362.982187500000 6.965625000000 282.656250000000 0.028828125000 10.203125000000 0.463497243356
2807.187500000000 1849.940625000000 755.156250000000 1665.342187500000 5.765625000000 342.656250000000 0.034828125000 8.203125000000 0.325883032747
3067.187500000000 1666.380625000000 845.156250000000 1211.802187500000 5.165625000000 252.656250000000 0.031828125000 11.203125000000 0.451208919824
2547.187500000000 2033.500625000000 1025.156250000000 1514.162187500000 6.365625000000 312.656250000000 0.025828125000 9.203125000000 0.325445291311
2417.187500000000 1758.160625000000 800.156250000000 1438.572187500000 4.865625000000 327.656250000000 0.027328125000 8.703125000000 0.364817467508
2937.187500000000 2125.280625000000 980.156250000000 1740.932187500000 6.065625000000 267.656250000000 0.033328125000 10.703125000000 0.430835993008
2677.187500000000 1574.600625000000 1070.156250000000 1287.392187500000 6.665625000000 357.656250000000 0.030328125000 9.703125000000 0.276701158246
2157.187500000000 1941.720625000000 890.156250000000 1589.752187500000 5.465625000000 297.656250000000 0.024328125000 11.703125000000 0.539920643630
2189.687500000000 1597.545625000000 743.906250000000 1570.854687500000 5.390625000000 263.906250000000 0.035953125000 10.578125000000 0.629868747962
2709.687500000000 1964.665625000000 923.906250000000 1268.494687500000 6.590625000000 323.906250000000 0.029953125000 8.578125000000 0.272402032639
2969.687500000000 1781.105625000000 1013.906250000000 1722.034687500000 7.190625000000 293.906250000000 0.026953125000 11.578125000000 0.440866339188
2449.687500000000 2148.225625000000 833.906250000000 1419.674687500000 5.990625000000 353.906250000000 0.032953125000 9.578125000000 0.323593306182
2579.687500000000 1689.325625000000 968.906250000000 1646.444687500000 6.890625000000 338.906250000000 0.034453125000 8.078125000000 0.301291036386
3099.687500000000 2056.445625000000 788.906250000000 1344.084687500000 5.690625000000 278.906250000000 0.028453125000 10.078125000000 0.384717511524
2839.687500000000 1505.765625000000 878.906250000000 1797.624687499999 5.090625000000 308.906250000000 0.025453125000 9.078125000000 0.420177282739
2319.687500000000 1872.885625000000 1058.906250000000 1495.264687500000 6.290625000000 248.906250000000 0.031453125000 11.078125000000 0.503161183914
2254.687500000000 1826.995625000000 811.406250000000 1306.289687500000 6.440625000000 241.406250000000 0.035203125000 9.328125000000 0.484743840782
2774.687500000000 2194.115625000000 991.406250000000 1608.649687500000 5.240625000000 301.406250000000 0.029203125000 11.328125000000 0.403973186076
3034.687500000000 1643.435625000000 901.406250000000 1457.469687500000 5.840625000000 271.406250000000 0.026203125000 8.328125000000 0.347885561330
2514.687500000000 2010.555625000000 721.406250000000 1759.829687500000 7.040625000000 331.406250000000 0.032203125000 10.328125000000 0.446402740044
2384.687500000000 1551.655625000000 1036.406250000000 1230.699687500000 5.540625000000 346.406250000000 0.033703125000 11.828125000000 0.376002140494
2904.687500000000 1918.775625000000 856.406250000000 1533.059687500000 6.740625000000 286.406250000000 0.027703125000 9.828125000000 0.397010903250
2644.687500000000 1735.215625000000 766.406250000000 1381.879687500000 6.140625000000 316.406250000000 0.024703125000 10.828125000000 0.445310481045
2124.687500000000 2102.335625000000 946.406250000000 1684.239687500000 4.940625000000 256.406250000000 0.030703125000 8.828125000000 0.455248833008
2140.937500000000 1517.238125000000 839.531250000000 1448.020937500000 6.628125000000 337.031250000000 0.026390625000 11.265625000000 0.501137827772
2660.937500000000 1884.358125000000 1019.531250000000 1750.380937500000 5.428125000000 277.031250000000 0.032390625000 9.265625000000 0.400679825857
2920.937500000000 1700.798125000000 929.531250000000 1296.840937500000 4.828125000000 307.031250000000 0.035390625000 10.265625000000 0.348783227560
2400.937500000000 2067.918125000000 749.531250000000 1599.200937500000 6.028125000000 247.031250000000 0.029390625000 8.265625000000 0.455460079194
2530.937500000000 1792.578125000000 1064.531250000000 1372.430937500000 5.128125000000 262.031250000000 0.024890625000 9.765625000000 0.401040095827
3050.937500000000 2159.698125000000 884.531250000000 1674.790937500000 6.328125000000 322.031250000000 0.030890625000 11.765625000000 0.402920131905
2790.937500000000 1609.018125000000 794.531250000000 1221.250937500000 6.928125000000 292.031250000000 0.033890625000 8.765625000000 0.342607384011
2270.937500000000 1976.138125000000 974.531250000000 1523.610937500000 5.728125000000 352.031250000000 0.027890625000 10.765625000000 0.379761019659
2335.937500000000 1654.908125000000 727.031250000000 1712.585937500000 5.578125000000 359.531250000000 0.025640625000 8.515625000000 0.391294454174
2855.937500000000 2022.028125000000 907.031250000000 1410.225937500000 6.778125000000 299.531250000000 0.031640625000 10.515625000000 0.367174552592
3115.937500000000 1471.348125000000 997.031250000000 1561.405937499999 6.178125000000 329.531250000000 0.034640625000 9.515625000000 0.319425373173
2595.937500000000 1838.468125000000 817.031250000000 1259.045937500000 4.978125000000 269.531250000000 0.028640625000 11.515625000000 0.497163509076
2465.937500000000 1563.128125000000 952.031250000000 1788.175937500000 6.478125000000 254.531250000000 0.024140625000 10.015625000000 0.554087902656
2985.937500000000 1930.248125000000 772.031250000000 1485.815937500000 5.278125000000 314.531250000000 0.030140625000 8.015625000000 0.308026357022
2725.937500000000 1746.688125000000 862.031250000000 1636.995937500000 5.878125000000 284.531250000000 0.033140625000 11.015625000000 0.492961199119
2205.937500000000 2113.808125000000 1042.031250000000 1334.635937500000 7.078125000000 344.531250000000 0.027140625000 9.015625000000 0.284690112444
2173.437500000000 1769.633125000000 918.281250000000 1240.148437500000 6.103125000000 310.781250000000 0.032765625000 8.140625000000 0.318825703805
2693.437500000000 2136.753125000000 738.281250000000 1542.508437500000 4.903125000000 250.781250000000 0.026765625000 10.140625000000 0.511843423339
2953.437500000000 1586.073125000000 828.281250000000 1391.328437500000 5.503125000000 340.781250000000 0.029765625000 9.140625000000 0.323608951709
2433.437500000000 1953.193125000000 1008.281250000000 1693.688437500000 6.703125000000 280.781250000000 0.035765625000 11.140625000000 0.471039357760
2563.437500000000 1494.293125000000 783.281250000000 1315.738437500000 5.803125000000 295.781250000000 0.031265625000 10.640625000000 0.475758102883
3083.437500000000 1861.413125000000 963.281250000000 1618.098437500000 7.003125000000 355.781250000000 0.025265625000 8.640625000000 0.267994591549
2823.437500000000 1677.853125000000 1053.281250000000 1466.918437500000 6.403125000000 265.781250000000 0.028265625000 11.640625000000 0.454416546544
2303.437500000000 2044.973125000000 873.281250000000 1769.278437500000 5.203125000000 325.781250000000 0.034265625000 9.640625000000 0.406999948727
2238.437500000000 1631.963125000000 1030.781250000000 1655.893437500000 5.053125000000 318.281250000000 0.032015625000 11.890625000000 0.506731850713
2758.437500000000 1999.083125000000 850.781250000000 1353.533437500000 6.253125000000 258.281250000000 0.026015625000 9.890625000000 0.421420234476
3018.437500000000 1815.523125000000 760.781250000000 1807.073437500000 6.853125000000 348.281250000000 0.029015625000 10.890625000000 0.425745847709
2498.437500000000 2182.643125000000 940.781250000000 1504.713437500000 5.653125000000 288.281250000000 0.035015625000 8.890625000000 0.346045049687
2368.437500000000 1723.743125000000 895.781250000000 1580.303437500000 7.153125000000 273.281250000000 0.030515625000 9.390625000000 0.455106196121
2888.437500000000 2090.863125000000 1075.781250000000 1277.943437500000 5.953125000000 333.281250000000 0.024515625000 11.390625000000 0.305168160424
2628.437500000000 1540.183125000000 985.781250000000 1731.483437500000 5.353125000000 243.281250000000 0.027515625000 8.390625000000 0.457260820139
2108.437500000000 1907.303125000000 805.781250000000 1429.123437500000 6.553125000000 303.281250000000 0.033515625000 10.390625000000 0.469257501611
2100.312500000000 1614.754375000000 982.968750000000 1358.257812500000 5.409375000000 324.843750000000 0.024796875000 11.234375000000 0.455668237542
2620.312500000000 1981.874375000000 802.968750000000 1660.617812500000 6.609375000000 264.843750000000 0.030796875000 9.234375000000 0.451623040575
2880.312500000000 1798.314375000000 892.968750000000 1509.437812500000 6.009375000000 354.843750000000 0.033796875000 10.234375000000 0.334243698031
2360.312500000000 2165.434375000000 1072.968750000000 1811.797812500000 4.809375000000 294.843750000000 0.027796875000 8.234375000000 0.339439978691
2490.312500000000 1706.534375000000 757.968750000000 1282.667812500000 6.309375000000 279.843750000000 0.026296875000 9.734375000000 0.450781225986
3010.312500000000 2073.654375000000 937.968750000000 1585.027812500000 5.109375000000 339.843750000000 0.032296875000 11.734375000000 0.370886608224
2750.312500000000 1522.974375000000 1027.968750000000 1433.847812500000 5.709375000000 249.843750000000 0.035296875000 8.734375000000 0.380418913475
2230.312500000000 1890.094375000000 847.968750000000 1736.207812500000 6.909375000000 309.843750000000 0.029296875000 10.734375000000 0.497247296718
2295.312500000000 1752.424375000000 1050.468750000000 1547.232812500000 6.759375000000 302.343750000000 0.024046875000 8.984375000000 0.369890982796
2815.312500000000 2119.544375000000 870.468750000000 1244.872812500000 5.559375000000 242.343750000000 0.030046875000 10.984375000000 0.448588016460
3075.312500000000 1568.864375000000 780.468750000000 1698.412812500000 4.959375000000 332.343750000000 0.033046875000 9.984375000000 0.414376778395
2555.312500000000 1935.984375000000 960.468750000000 1396.052812500000 6.159375000000 272.343750000000 0.027046875000 11.984375000000 0.482547817247
2425.312500000000 1477.084375000000 825.468750000000 1622.822812500000 5.259375000000 287.343750000000 0.025546875000 10.484375000000 0.557275121555
2945.312500000000 1844.204375000000 1005.468750000000 1320.462812500000 6.459375000000 347.343750000000 0.031546875000 8.484375000000 0.236262288963
2685.312500000000 1660.644375000000 915.468750000000 1774.002812500000 7.059375000000 257.343750000000 0.034546875000 11.484375000000 0.563539103660
2165.312500000000 2027.764375000000 735.468750000000 1471.642812500000 5.859375000000 317.343750000000 0.028546875000 9.484375000000 0.424534306790
2197.812500000000 1683.589375000000 859.218750000000 1414.950312500000 4.884375000000 351.093750000000 0.031171875000 8.359375000000 0.333681567747
2717.812500000000 2050.709375000000 1039.218750000000 1717.310312500000 6.084375000000 291.093750000000 0.025171875000 10.359375000000 0.400782027880
2977.812500000000 1500.029375000000 949.218750000000 1263.770312500000 6.684375000000 321.093750000000 0.028171875000 9.359375000000 0.300728046351
2457.812500000000 1867.149375000000 769.218750000000 1566.130312500000 5.484375000000 261.093750000000 0.034171875000 11.359375000000 0.589621034220
2587.812500000000 1591.809375000000 994.218750000000 1490.540312500000 6.984375000000 246.093750000000 0.032671875000 10.859375000000 0.500493968921
3107.812500000000 1958.929375000000 814.218750000000 1792.900312500000 5.784375000000 306.093750000000 0.026671875000 8.859375000000 0.364177075523
2847.812500000000 1775.369375000000 724.218750000000 1339.360312500000 5.184375000000 276.093750000000 0.029671875000 11.859375000000 0.530643659544
2327.812500000000 2142.489375000000 904.218750000000 1641.720312500000 6.384375000000 336.093750000000 0.035671875000 9.859375000000 0.367749549622
2262.812500000000 1545.919375000000 791.718750000000 1755.105312500000 6.234375000000 343.593750000000 0.030421875000 11.609375000000 0.554213808351
2782.812500000000 1913.039375000000 971.718750000000 1452.745312500000 5.034375000000 283.593750000000 0.024421875000 9.609375000000 0.370224895585
3042.812500000000 1729.479375000000 1061.718750000000 1603.925312500000 5.634375000000 313.593750000000 0.027421875000 10.609375000000 0.360150513611
2522.812500000000 2096.599375000000 881.718750000000 1301.565312500000 6.834375000000 253.593750000000 0.033421875000 8.609375000000 0.362975508342
2392.812500000000 1821.259375000000 926.718750000000 1679.515312499999 5.934375000000 268.593750000000 0.031921875000 9.109375000000 0.448198320955
2912.812500000000 2188.379375000000 746.718750000000 1377.155312500000 7.134375000000 328.593750000000 0.025921875000 11.109375000000 0.379600483391
2652.812500000000 1637.699375000000 836.718750000000 1528.335312500000 6.534375000000 298.593750000000 0.028921875000 8.109375000000 0.360155757410
2132.812500000000 2004.819375000000 1016.718750000000 1225.975312500000 5.334375000000 358.593750000000 0.034921875000 10.109375000000 0.309714360097
2116.562500000000 1809.786875000000 774.843750000000 1613.374062500000 7.096875000000 247.968750000000 0.027984375000 9.546875000000 0.577036589407
2636.562500000000 2176.906875000000 954.843750000000 1311.014062500000 5.896875000000 307.968750000000 0.033984375000 11.546875000000 0.373484156616
2896.562500000000 1626.226875000000 1044.843750000000 1764.554062500000 5.296875000000 277.968750000000 0.030984375000 8.546875000000 0.367391943360
2376.562500000000 1993.346875000000 864.843750000000 1462.194062500000 6.496875000000 337.968750000000 0.024984375000 10.546875000000 0.392138691733
2506.562500000000 1534.446875000000 909.843750000000 1537.784062500000 4.996875000000 352.968750000000 0.029484375000 11.046875000000 0.426464830716
3026.562500000000 1901.566875000000 729.843750000000 1235.424062500000 6.196875000000 292.968750000000 0.035484375000 9.046875000000 0.338296721593
2766.562500000000 1718.006875000000 819.843750000000 1688.964062500000 6.796875000000 322.968750000000 0.032484375000 10.046875000000 0.416987565340
2246.562500000000 2085.126875000000 999.843750000000 1386.604062500000 5.596875000000 262.968750000000 0.026484375000 8.046875000000 0.348868108214
2311.562500000000 1580.336875000000 887.343750000000 1273.219062500000 5.746875000000 255.468750000000 0.027234375000 10.296875000000 0.505842769714
2831.562500000000 1947.456875000000 1067.343750000000 1575.579062500000 6.946875000000 315.468750000000 0.033234375000 8.296875000000 0.271530102178
3091.562500000000 1763.896875000000 977.343750000000 1424.399062500000 6.346875000000 285.468750000000 0.030234375000 11.296875000000 0.394695982550
2571.562500000000 2131.016875000000 797.343750000000 1726.759062500000 5.146875000000 345.468750000000 0.024234375000 9.296875000000 0.360456664166
2441.562500000000 1672.116875000000 1022.343750000000 1348.809062500000 6.046875000000 330.468750000000 0.028734375000 8.796875000000 0.304453373518
2961.562500000000 2039.236875000000 842.343750000000 1651.169062500000 4.846875000000 270.468750000000 0.034734375000 10.796875000000 0.468342687574
2701.562500000000 1488.556875000000 752.343750000000 1499.989062500000 5.446875000000 300.468750000000 0.031734375000 9.796875000000 0.466818763019
2181.562500000000 1855.676875000000 932.343750000000 1802.349062500000 6.646875000000 240.468750000000 0.025734375000 11.796875000000 0.680131437775
2149.062500000000 1511.501875000000 1078.593750000000 1670.066562500000 6.571875000000 274.218750000000 0.034359375000 10.921875000000 0.533066361125
2669.062500000000 1878.621875000000 898.593750000000 1367.706562500000 5.371875000000 334.218750000000 0.028359375000 8.921875000000 0.304661692084
2929.062500000000 1695.061875000000 808.593750000000 1518.886562500000 5.971875000000 244.218750000000 0.025359375000 11.921875000000 0.598058081413
2409.062500000000 2062.181875000000 988.593750000000 1216.526562500000 7.171875000000 304.218750000000 0.031359375000 9.921875000000 0.326206828302
2539.062500000000 1786.841875000000 853.593750000000 1745.656562500000 5.671875000000 319.218750000000 0.035859375000 8.421875000000 0.367469957754
3059.062500000000 2153.961875000000 1033.593750000000 1443.296562500000 6.871875000000 259.218750000000 0.029859375000 10.421875000000 0.364222826049
2799.062500000000 1603.281875000000 943.593750000000 1594.476562500000 6.271875000000 349.218750000000 0.026859375000 9.421875000000 0.336224368178
2279.062500000000 1970.401875000000 763.593750000000 1292.116562500000 5.071875000000 289.218750000000 0.032859375000 11.421875000000 0.505478118436
2214.062500000000 1740.951875000000 966.093750000000 1481.091562500000 5.221875000000 296.718750000000 0.033609375000 9.171875000000 0.402356390339
2734.062500000000 2108.071875000000 786.093750000000 1783.451562500000 6.421875000000 356.718750000000 0.027609375000 11.171875000000 0.411212405977
2994.062500000000 1557.391875000000 876.093750000000 1329.911562500000 7.021875000000 266.718750000000 0.024609375000 8.171875000000 0.339185731669
2474.062500000000 1924.511875000000 1056.093750000000 1632.271562500000 5.821875000000 326.718750000000 0.030609375000 10.171875000000 0.366313366957
2344.062500000000 1649.171875000000 741.093750000000 1405.501562500000 6.721875000000 311.718750000000 0.035109375000 11.671875000000 0.528578814549
2864.062500000000 2016.291875000000 921.093750000000 1707.861562500000 5.521875000000 251.718750000000 0.029109375000 9.671875000000 0.447803722205
2604.062500000000 1832.731875000000 1011.093750000000 1254.321562500000 4.921875000000 341.718750000000 0.026109375000 10.671875000000 0.323923761519
2084.062500000000 2199.851875000000 831.093750000000 1556.681562500000 6.121875000000 281.718750000000 0.032109375000 8.671875000000 0.409129688648
2086.093750000000 1834.165937500000 955.546875000000 1380.698593750000 6.801562500000 356.953125000000 0.035601562500 9.429687500000 0.333504227233
2606.093750000000 2201.285937500000 775.546875000000 1683.058593750000 5.601562500000 296.953125000000 0.029601562500 11.429687500000 0.493601940280
2866.093750000000 1650.605937500000 865.546875000000 1229.518593750000 5.001562500000 326.953125000000 0.026601562500 8.429687500000 0.284228407854
2346.093750000000 2017.725937500000 1045.546875000000 1531.878593749999 6.201562500000 266.953125000000 0.032601562500 10.429687500000 0.440388169052
2476.093750000000 1558.825937500000 730.546875000000 1456.288593750000 5.301562500000 251.953125000000 0.034101562500 11.929687500000 0.673709881335
2996.093750000000 1925.945937500000 910.546875000000 1758.648593750000 6.501562500000 311.953125000000 0.028101562500 9.929687500000 0.378849751489
2736.093750000000 1742.385937500000 1000.546875000000 1305.108593750000 7.101562500000 281.953125000000 0.025101562500 10.929687500000 0.394816662545
2216.093750000000 2109.505937500000 820.546875000000 1607.468593750000 5.901562500000 341.953125000000 0.031101562500 8.929687500000 0.353984257671
2281.093750000000 1604.715937500000 1068.046875000000 1796.443593750000 5.451562500000 334.453125000000 0.034851562500 10.679687500000 0.441125790869
2801.093750000000 1971.835937500000 888.046875000000 1494.083593750000 6.651562500000 274.453125000000 0.028851562500 8.679687500000 0.356433785502
3061.093750000000 1788.275937500000 798.046875000000 1645.263593750000 6.051562500000 304.453125000000 0.025851562500 11.679687500000 0.483465282407
2541.093750000000 2155.395937500000 978.046875000000 1342.903593750000 4.851562500000 244.453125000000 0.031851562500 9.679687500000 0.407725653626
2411.093750000000 1696.495937500000 843.046875000000 1720.853593750000 6.351562500000 259.453125000000 0.033351562500 8.179687500000 0.453524296383
2931.093750000000 2063.615937500000 1023.046875000000 1418.493593750000 5.151562500000 319.453125000000 0.027351562500 10.179687500000 0.313342413901
2671.093750000000 1512.935937500000 933.046875000000 1569.673593750000 5.751562500000 289.453125000000 0.024351562500 9.179687500000 0.414178734382
2151.093750000000 1880.055937500000 753.046875000000 1267.313593750000 6.951562500000 349.453125000000 0.030351562500 11.179687500000 0.430108603560
2183.593750000000 1489.990937500000 899.296875000000 1286.211093750000 6.276562500000 315.703125000000 0.029976562500 10.054687500000 0.423918464242
2703.593750000000 1857.110937500000 1079.296875000000 1588.571093750000 5.076562500000 255.703125000000 0.035976562500 8.054687500000 0.342188819364
2963.593750000000 1673.550937500000 989.296875000000 1437.391093750000 5.676562500000 345.703125000000 0.032976562500 11.054687500000 0.339718323972
2443.593750000000 2040.670937500000 809.296875000000 1739.751093750000 6.876562500000 285.703125000000 0.026976562500 9.054687500000 0.431828932950
2573.593750000000 1765.330937500000 1034.296875000000 1210.621093750000 5.976562500000 270.703125000000 0.028476562500 8.554687500000 0.314629241784
3093.593750000000 2132.450937500000 854.296875000000 1512.981093750000 7.176562500000 330.703125000000 0.034476562500 10.554687500000 0.334995473630
2833.593750000000 1581.770937500000 764.296875000000 1361.801093750000 6.576562500000 240.703125000000 0.031476562500 9.554687500000 0.486811581073
2313.593750000000 1948.890937500000 944.296875000000 1664.161093750000 5.376562500000 300.703125000000 0.025476562500 11.554687500000 0.504098958440
2248.593750000000 1719.440937500000 786.796875000000 1550.776093750000 4.926562500000 308.203125000000 0.029226562500 9.804687500000 0.477988934975
2768.593750000000 2086.560937500000 966.796875000000 1248.416093750000 6.126562500000 248.203125000000 0.035226562500 11.804687500000 0.437520623422
3028.593750000000 1535.880937500000 1056.796875000000 1701.956093750000 6.726562500000 338.203125000000 0.032226562500 8.804687500000 0.296431336167
2508.593750000000 1903.000937500000 876.796875000000 1399.596093750000 5.526562500000 278.203125000000 0.026226562500 10.804687500000 0.465334313696
2378.593750000000 1627.660937500000 921.796875000000 1626.366093750000 7.026562500000 293.203125000000 0.027726562500 11.304687500000 0.522802457973
2898.593750000000 1994.780937500000 741.796875000000 1324.006093750000 5.826562500000 353.203125000000 0.033726562500 9.304687500000 0.305100984463
2638.593750000000 1811.220937500000 831.796875000000 1777.546093750000 5.226562500000 263.203125000000 0.030726562500 10.304687500000 0.538642550387
2118.593750000000 2178.340937500000 1011.796875000000 1475.186093750000 6.426562500000 323.203125000000 0.024726562500 8.304687500000 0.304029088932
2134.843750000000 1639.133437500000 803.671875000000 1730.302343750000 5.714062500000 283.828125000000 0.032414062500 11.867187500000 0.664259704555
2654.843750000000 2006.253437500000 983.671875000000 1427.942343750000 6.914062500000 343.828125000000 0.026414062500 9.867187500000 0.308100947301
2914.843750000000 1822.693437500000 1073.671875000000 1579.122343750000 6.314062500000 253.828125000000 0.029414062500 10.867187500000 0.437112384417
2394.843750000000 2189.813437500000 893.671875000000 1276.762343750000 5.114062500000 313.828125000000 0.035414062500 8.867187500000 0.308513476482
2524.843750000000 1730.913437500000 938.671875000000 1805.892343750000 6.014062500000 328.828125000000 0.030914062500 9.367187500000 0.390736655180
3044.843750000000 2098.033437500000 758.671875000000 1503.532343750000 4.814062500000 268.828125000000 0.024914062500 11.367187500000 0.494358971326
2784.843750000000 1547.353437500000 848.671875000000 1654.712343750000 5.414062500000 358.828125000000 0.027914062500 8.367187500000 0.325819561707
2264.843750000000 1914.473437500000 1028.671875000000 1352.352343750000 6.614062500000 298.828125000000 0.033914062500 10.367187500000 0.383872092907
2329.843750000000 1776.803437500000 871.171875000000 1465.737343750000 7.064062500000 291.328125000000 0.031664062500 8.117187500000 0.363365482833
2849.843750000000 2143.923437500000 1051.171875000000 1768.097343749999 5.864062500000 351.328125000000 0.025664062500 10.117187500000 0.317295269428
3109.843750000000 1593.243437500000 961.171875000000 1314.557343750000 5.264062500000 261.328125000000 0.028664062500 9.117187500000 0.350248149663
2589.843750000000 1960.363437500000 781.171875000000 1616.917343750000 6.464062500000 321.328125000000 0.034664062500 11.117187500000 0.454133297469
2459.843750000000 1501.463437500000 1006.171875000000 1390.147343750000 4.964062500000 306.328125000000 0.030164062500 10.617187500000 0.420750408505
2979.843750000000 1868.583437500000 826.171875000000 1692.507343750000 6.164062500000 246.328125000000 0.024164062500 8.617187500000 0.438406814084
2719.843750000000 1685.023437500000 736.171875000000 1238.967343750000 6.764062500000 336.328125000000 0.027164062500 11.617187500000 0.425679020997
2199.843750000000 2052.143437500000 916.171875000000 1541.327343750000 5.564062500000 276.328125000000 0.033164062500 9.617187500000 0.440683057307
2167.343750000000 1662.078437500000 1039.921875000000 1635.814843750000 5.189062500000 242.578125000000 0.026789062500 8.742187500000 0.489704732141
2687.343750000000 2029.198437500000 859.921875000000 1333.454843750000 6.389062500000 302.578125000000 0.032789062500 10.742187500000 0.384996062976
2947.343750000000 1478.518437500000 769.921875000000 1786.994843750000 6.989062500000 272.578125000000 0.035789062500 9.742187500000 0.505772111440
2427.343750000000 1845.638437500000 949.921875000000 1484.634843750000 5.789062500000 332.578125000000 0.029789062500 11.742187500000 0.430255235399
2557.343750000000 1570.298437500000 814.921875000000 1560.224843750000 6.689062500000 347.578125000000 0.025289062500 10.242187500000 0.420257677129
3077.343750000000 1937.418437500000 994.921875000000 1257.864843750000 5.489062500000 287.578125000000 0.031289062500 8.242187500000 0.259097880271
2817.343750000000 1753.858437500000 904.921875000000 1711.404843750000 4.889062500000 317.578125000000 0.034289062500 11.242187500000 0.448307605829
2297.343750000000 2120.978437500000 724.921875000000 1409.044843750000 6.089062500000 257.578125000000 0.028289062500 9.242187500000 0.472041643986
2232.343750000000 1524.408437500000 972.421875000000 1220.069843750000 6.539062500000 265.078125000000 0.026039062500 11.492187500000 0.511413874858
2752.343750000000 1891.528437500000 792.421875000000 1522.429843750000 5.339062500000 325.078125000000 0.032039062500 9.492187500000 0.370953261731
3012.343750000000 1707.968437500000 882.421875000000 1371.249843750000 5.939062500000 295.078125000000 0.035039062500 10.492187500000 0.381291714947
2492.343750000000 2075.088437500000 1062.421875000000 1673.609843750000 7.139062500000 355.078125000000 0.029039062500 8.492187500000 0.273324387644
2362.343750000000 1799.748437500000 747.421875000000 1295.659843750000 5.639062500000 340.078125000000 0.024539062500 9.992187500000 0.397328035824
2882.343750000000 2166.868437500000 927.421875000000 1598.019843750000 6.839062500000 280.078125000000 0.030539062500 11.992187500000 0.453827666724
2622.343750000000 1616.188437500000 1017.421875000000 1446.839843750000 6.239062500000 310.078125000000 0.033539062500 8.992187500000 0.329875219377
2102.343750000000 1983.308437500000 837.421875000000 1749.199843750000 5.039062500000 250.078125000000 0.027539062500 10.992187500000 0.642272915990
2110.468750000000 1541.617187500000 1020.234375000000 1527.154218750000 6.932812500000 258.515625000000 0.030820312500 11.648437500000 0.590227136583
2630.468750000000 1908.737187500000 840.234375000000 1224.794218750000 5.732812500000 318.515625000000 0.024820312500 9.648437500000 0.338720338042
2890.468750000000 1725.177187500000 750.234375000000 1678.334218750000 5.132812500000 288.515625000000 0.027820312500 10.648437500000 0.513383703017
2370.468750000000 2092.297187500000 930.234375000000 1375.974218750000 6.332812500000 348.515625000000 0.033820312500 8.648437500000 0.281759802073
2500.468750000000 1816.957187500000 885.234375000000 1602.744218750000 4.832812500000 333.515625000000 0.032320312500 9.148437500000 0.362575266514
3020.468750000000 2184.077187500000 1065.234375000000 1300.384218750000 6.032812500000 273.515625000000 0.026320312500 11.148437500000 0.349356314235
2760.468750000000 1633.397187500000 975.234375000000 1753.924218750000 6.632812500000 303.515625000000 0.029320312500 8.148437500000 0.342580523973
2240.468750000000 2000.517187500000 795.234375000000 1451.564218750000 5.432812500000 243.515625000000 0.035320312500 10.148437500000 0.544825731284
2305.468750000000 1679.287187500000 907.734375000000 1338.179218750000 5.882812500000 251.015625000000 0.030070312500 8.398437500000 0.417248023485
2825.468750000000 2046.407187500000 727.734375000000 1640.539218750000 7.082812500000 311.015625000000 0.024070312500 10.398437500000 0.435698561292
3085.468750000000 1495.727187500000 817.734375000000 1489.359218750000 6.482812500000 281.015625000000 0.027070312500 9.398437500000 0.412827433850
2565.468750000000 1862.847187500000 997.734375000000 1791.719218750000 5.282812500000 341.015625000000 0.033070312500 11.398437500000 0.424508137590
2435.468750000000 1587.507187500000 772.734375000000 1262.589218750000 6.182812500000 356.015625000000 0.031570312500 10.898437500000 0.406416894770
2955.468750000000 1954.627187500000 952.734375000000 1564.949218750000 4.982812500000 296.015625000000 0.025570312500 8.898437500000 0.333533058264
2695.468750000000 1771.067187500000 1042.734375000000 1413.769218750000 5.582812500000 326.015625000000 0.028570312500 11.898437500000 0.388503356442
2175.468750000000 2138.187187500000 862.734375000000 1716.129218750000 6.782812500000 266.015625000000 0.034570312500 9.898437500000 0.493468997692
2207.968750000000 1748.122187500000 738.984375000000 1772.821718750000 6.407812500000 299.765625000000 0.025195312500 8.773437500000 0.481861820679
2727.968750000000 2115.242187500000 918.984375000000 1470.461718750000 5.207812500000 359.765625000000 0.031195312500 10.773437500000 0.330187964705
2987.968750000000 1564.562187500000 1008.984375000000 1621.641718750000 5.807812500000 269.765625000000 0.034195312500 9.773437500000 0.406183973845
2467.968750000000 1931.682187500000 828.984375000000 1319.281718750000 7.007812500000 329.765625000000 0.028195312500 11.773437500000 0.424545590357
2597.968750000000 1472.782187500000 963.984375000000 1697.231718750000 5.507812500000 314.765625000000 0.026695312500 10.273437500000 0.449007747230
3117.968750000000 1839.902187500000 783.984375000000 1394.871718750000 6.707812500000 254.765625000000 0.032695312500 8.273437500000 0.359033513116
2857.968750000000 1656.342187500000 873.984375000000 1546.051718750000 6.107812500000 344.765625000000 0.035695312500 11.273437500000 0.399178359398
2337.968750000000 2023.462187500000 1053.984375000000 1243.691718750000 4.907812500000 284.765625000000 0.029695312500 9.273437500000 0.334944500977
2272.968750000000 1610.452187500000 851.484375000000 1432.666718750000 5.357812500000 277.265625000000 0.024445312500 11.023437500000 0.556984688174
2792.968750000000 1977.572187500000 1031.484375000000 1735.026718750000 6.557812500000 337.265625000000 0.030445312500 9.023437500000 0.303386968413
3052.968750000000 1794.012187500000 941.484375000000 1281.486718750000 7.157812500000 247.265625000000 0.033445312500 10.023437500000 0.376715474914
2532.968750000000 2161.132187500000 761.484375000000 1583.846718750000 5.957812500000 307.265625000000 0.027445312500 8.023437500000 0.339965341751
2402.968750000000 1702.232187500000 1076.484375000000 1508.256718750000 6.857812500000 322.265625000000 0.025945312500 9.523437500000 0.349943443457
2922.968750000000 2069.352187500000 896.484375000000 1810.616718750000 5.657812500000 262.265625000000 0.031945312500 11.523437500000 0.516458302954
2662.968750000000 1518.672187500000 806.484375000000 1357.076718750000 5.057812500000 352.265625000000 0.034945312500 8.523437500000 0.317581345711
2142.968750000000 1885.792187500000 986.484375000000 1659.436718750000 6.257812500000 292.265625000000 0.028945312500 10.523437500000 0.479634416951
2126.718750000000 1736.649687500000 823.359375000000 1253.140468750000 5.620312500000 301.640625000000 0.034007812500 9.085937500000 0.400472150670
2646.718750000000 2103.769687500000 1003.359375000000 1555.500468750000 6.820312500000 241.640625000000 0.028007812500 11.085937500000 0.485023492535
2906.718750000000 1553.089687500000 913.359375000000 1404.320468750000 6.220312500000 331.640625000000 0.025007812500 8.085937500000 0.283100299366
2386.718750000000 1920.209687500000 733.359375000000 1706.680468750000 5.020312500000 271.640625000000 0.031007812500 10.085937500000 0.549892908171
2516.718750000000 1644.869687500000 1048.359375000000 1328.730468750000 6.520312500000 286.640625000000 0.035507812500 11.585937500000 0.423052906868
3036.718750000000 2011.989687500000 868.359375000000 1631.090468750000 5.320312500000 346.640625000000 0.029507812500 9.585937500000 0.320835618912
2776.718750000000 1828.429687500000 778.359375000000 1479.910468750000 5.920312500000 256.640625000000 0.026507812500 10.585937500000 0.517127851373
2256.718750000000 2195.549687500000 958.359375000000 1782.270468750000 7.120312500000 316.640625000000 0.032507812500 8.585937500000 0.344237848201
2321.718750000000 1507.199687500000 755.859375000000 1593.295468750000 6.670312500000 324.140625000000 0.033257812500 10.835937500000 0.526133887970
2841.718750000000 1874.319687500000 935.859375000000 1290.935468750000 5.470312500000 264.140625000000 0.027257812500 8.835937500000 0.343014850369
3101.718750000000 1690.759687500000 1025.859375000000 1744.475468750000 4.870312500000 354.140625000000 0.024257812500 11.835937500000 0.388729170074
2581.718750000000 2057.879687500000 845.859375000000 1442.115468750000 6.070312500000 294.140625000000 0.030257812500 9.835937500000 0.393464033440
2451.718750000000 1782.539687500000 980.859375000000 1517.705468750000 5.170312500000 279.140625000000 0.034757812500 8.335937500000 0.363107786076
2971.718750000000 2149.659687500000 800.859375000000 1215.345468750000 6.370312500000 339.140625000000 0.028757812500 10.335937500000 0.306940578041
2711.718750000000 1598.979687500000 890.859375000000 1668.885468750000 6.970312500000 249.140625000000 0.025757812500 9.335937500000 0.490237510173
2191.718750000000 1966.099687500000 1070.859375000000 1366.525468750000 5.770312500000 309.140625000000 0.031757812500 11.335937500000 0.408481320552
2159.218750000000 1576.034687500000 924.609375000000 1498.807968750000 5.095312500000 342.890625000000 0.028382812500 10.460937500000 0.439222524730
2679.218750000000 1943.154687500000 744.609375000000 1801.167968750000 6.295312500000 282.890625000000 0.034382812500 8.460937500000 0.419613289206
2939.218750000000 1759.594687500000 834.609375000000 1347.627968750000 6.895312500000 312.890625000000 0.031382812500 11.460937500000 0.404241200590
2419.218750000000 2126.714687500000 1014.609375000000 1649.987968749999 5.695312500000 252.890625000000 0.025382812500 9.460937500000 0.438830230027
2549.218750000000 1667.814687500000 789.609375000000 1423.217968750000 7.195312500000 267.890625000000 0.029882812500 8.960937500000 0.437870573073
3069.218750000000 2034.934687500000 969.609375000000 1725.577968750000 5.995312500000 327.890625000000 0.035882812500 10.960937500000 0.361289118282
2809.218750000000 1484.254687500000 1059.609375000000 1272.037968750000 5.395312500000 297.890625000000 0.032882812500 9.960937500000 0.333515001276
2289.218750000000 1851.374687500000 879.609375000000 1574.397968750000 6.595312500000 357.890625000000 0.026882812500 11.960937500000 0.453299465317
2224.218750000000 1805.484687500000 992.109375000000 1687.782968750000 6.145312500000 350.390625000000 0.027632812500 9.710937500000 0.378306627368
2744.218750000000 2172.604687500000 812.109375000000 1385.422968750000 4.945312500000 290.390625000000 0.033632812500 11.710937500000 0.448528073383
3004.218750000000 1621.924687500000 722.109375000000 1536.602968750000 5.545312500000 320.390625000000 0.030632812500 8.710937500000 0.370673840379
2484.218750000000 1989.044687500000 902.109375000000 1234.242968750000 6.745312500000 260.390625000000 0.024632812500 10.710937500000 0.439851538869
2354.218750000000 1530.144687500000 857.109375000000 1763.372968750000 5.845312500000 245.390625000000 0.029132812500 11.210937500000 0.684324209969
2874.218750000000 1897.264687500000 1037.109375000000 1461.012968750000 7.045312500000 305.390625000000 0.035132812500 9.210937500000 0.299198026908
2614.218750000000 1713.704687500000 947.109375000000 1612.192968750000 6.445312500000 275.390625000000 0.032132812500 10.210937500000 0.454536007679
2094.218750000000 2080.824687500000 767.109375000000 1309.832968750000 5.245312500000 335.390625000000 0.026132812500 8.210937500000 0.325373252570
2090.156250000000 1590.375312500000 875.390625000000 1647.625781250000 6.323437500000 308.671875000000 0.030023437500 8.601562500000 0.434558537354
2610.156250000000 1957.495312500000 1055.390625000000 1345.265781250000 5.123437500000 248.671875000000 0.024023437500 10.601562500000 0.432608184980
2870.156250000000 1773.935312500000 965.390625000000 1798.805781250000 5.723437500000 338.671875000000 0.027023437500 9.601562500000 0.354735339543
2350.156250000000 2141.055312500000 785.390625000000 1496.445781250000 6.923437500000 278.671875000000 0.033023437500 11.601562500000 0.521453955168
2480.156250000000 1682.155312500000 1010.390625000000 1572.035781250000 5.423437500000 293.671875000000 0.031523437500 10.101562500000 0.424820040021
3000.156250000000 2049.275312500000 830.390625000000 1269.675781250000 6.623437500000 353.671875000000 0.025523437500 8.101562500000 0.235728189528
2740.156250000000 1498.595312500000 740.390625000000 1723.215781250000 6.023437500000 263.671875000000 0.028523437500 11.101562500000 0.633857355102
2220.156250000000 1865.715312500000 920.390625000000 1420.855781250000 4.823437500000 323.671875000000 0.034523437500 9.101562500000 0.359078994512
2285.156250000000 1819.825312500000 807.890625000000 1231.880781250000 5.273437500000 316.171875000000 0.030773437500 11.351562500000 0.451539932643
2805.156250000000 2186.945312500000 987.890625000000 1534.240781250000 6.473437500000 256.171875000000 0.024773437500 9.351562500000 0.378223995437
3065.156250000000 1636.265312500000 1077.890625000000 1383.060781250000 7.073437500000 346.171875000000 0.027773437500 10.351562500000 0.286237385058
2545.156250000000 2003.385312500000 897.890625000000 1685.420781250000 5.873437500000 286.171875000000 0.033773437500 8.351562500000 0.366645427470
2415.156250000000 1544.485312500000 942.890625000000 1307.470781250000 6.773437500000 271.171875000000 0.032273437500 9.851562500000 0.426955589392
2935.156250000000 1911.605312500000 762.890625000000 1609.830781250000 5.573437500000 331.171875000000 0.026273437500 11.851562500000 0.460023073870
2675.156250000000 1728.045312500000 852.890625000000 1458.650781250000 4.973437500000 241.171875000000 0.029273437500 8.851562500000 0.456169218962
2155.156250000000 2095.165312500000 1032.890625000000 1761.010781250000 6.173437500000 301.171875000000 0.035273437500 10.851562500000 0.454666045653
2187.656250000000 1705.100312500000 976.640625000000 1704.318281250000 6.998437500000 334.921875000000 0.024398437500 11.976562500000 0.505431697222
2707.656250000000 2072.220312500000 796.640625000000 1401.958281250000 5.798437500000 274.921875000000 0.030398437500 9.976562500000 0.421255208115
2967.656250000000 1521.540312500000 886.640625000000 1553.138281250000 5.198437500000 304.921875000000 0.033398437500 10.976562500000 0.442006463688
2447.656250000000 1888.660312500000 1066.640625000000 1250.778281250000 6.398437500000 244.921875000000 0.027398437500 8.976562500000 0.364872048139
2577.656250000000 1613.320312500000 751.640625000000 1779.908281250000 4.898437500000 259.921875000000 0.025898437500 9.476562500000 0.573835601472
3097.656250000000 1980.440312500000 931.640625000000 1477.548281250000 6.098437500000 319.921875000000 0.031898437500 11.476562500000 0.366329143736
2837.656250000000 1796.880312500000 1021.640625000000 1628.728281250000 6.698437500000 289.921875000000 0.034898437500 8.476562500000 0.322953507845
2317.656250000000 2164.000312500000 841.640625000000 1326.368281250000 5.498437500000 349.921875000000 0.028898437500 10.476562500000 0.354263004804
2252.656250000000 1475.650312500000 1044.140625000000 1439.753281250000 5.948437500000 357.421875000000 0.025148437500 8.226562500000 0.301374118666
2772.656250000000 1842.770312500000 864.140625000000 1742.113281250000 7.148437500000 297.421875000000 0.031148437500 10.226562500000 0.437271815842
3032.656250000000 1659.210312500000 774.140625000000 1288.573281250000 6.548437500000 327.421875000000 0.034148437500 9.226562500000 0.320518539065
2512.656250000000 2026.330312500000 954.140625000000 1590.933281249999 5.348437500000 267.421875000000 0.028148437500 11.226562500000 0.497043254667
2382.656250000000 1750.990312500000 819.140625000000 1364.163281250000 6.248437500000 252.421875000000 0.026648437500 10.726562500000 0.545715298869
2902.656250000000 2118.110312500000 999.140625000000 1666.523281250000 5.048437500000 312.421875000000 0.032648437500 8.726562500000 0.301979228651
2642.656250000000 1567.430312500000 909.140625000000 1212.983281250000 5.648437500000 282.421875000000 0.035648437500 11.726562500000 0.448970129886
2122.656250000000 1934.550312500000 729.140625000000 1515.343281250000 6.848437500000 342.421875000000 0.029648437500 9.726562500000 0.422055753731
2138.906250000000 1785.407812500000 1061.015625000000 1316.919531250000 5.010937500000 265.546875000000 0.033210937500 10.164062500000 0.441283925120
2658.906250000000 2152.527812500000 881.015625000000 1619.279531250000 6.210937500000 325.546875000000 0.027210937500 8.164062500000 0.297785873851
2918.906250000000 1601.847812500000 791.015625000000 1468.099531250000 6.810937500000 295.546875000000 0.024210937500 11.164062500000 0.478771805146
2398.906250000000 1968.967812500000 971.015625000000 1770.459531250000 5.610937500000 355.546875000000 0.030210937500 9.164062500000 0.337733861798
2528.906250000000 1510.067812500000 836.015625000000 1241.329531250000 7.110937500000 340.546875000000 0.034710937500 8.664062500000 0.311560085821
3048.906250000000 1877.187812500000 1016.015625000000 1543.689531250000 5.910937500000 280.546875000000 0.028710937500 10.664062500000 0.389056560129
2788.906250000000 1693.627812500000 926.015625000000 1392.509531250000 5.310937500000 310.546875000000 0.025710937500 9.664062500000 0.356785094942
2268.906250000000 2060.747812500000 746.015625000000 1694.869531250000 6.510937500000 250.546875000000 0.031710937500 11.664062500000 0.650520079592
2333.906250000000 1647.737812500000 948.515625000000 1581.484531250000 6.060937500000 243.046875000000 0.033960937500 9.914062500000 0.529876570080
2853.906250000000 2014.857812500000 768.515625000000 1279.124531250000 4.860937500000 303.046875000000 0.027960937500 11.914062500000 0.441365942607
3113.906250000000 1831.297812500000 858.515625000000 1732.664531250000 5.460937500000 273.046875000000 0.024960937500 8.914062500000 0.402998646247
2593.906250000000 2198.417812500000 1038.515625000000 1430.304531250000 6.660937500000 333.046875000000 0.030960937500 10.914062500000 0.330269087917
2463.906250000000 1739.517812500000 723.515625000000 1657.074531250000 5.760937500000 348.046875000000 0.035460937500 11.414062500000 0.496736881538
2983.906250000000 2106.637812500000 903.515625000000 1354.714531250000 6.960937500000 288.046875000000 0.029460937500 9.414062500000 0.321880417664
2723.906250000000 1555.957812500000 993.515625000000 1808.254531250000 6.360937500000 318.046875000000 0.026460937500 10.414062500000 0.432730904153
2203.906250000000 1923.077812500000 813.515625000000 1505.894531250000 5.160937500000 258.046875000000 0.032460937500 8.414062500000 0.450278835038
2171.406250000000 1533.012812500000 779.765625000000 1373.612031250000 5.685937500000 291.796875000000 0.027585937500 9.289062500000 0.480240912465
2691.406250000000 1900.132812500000 959.765625000000 1675.972031250000 6.885937500000 351.796875000000 0.033585937500 11.289062500000 0.381209204913
2951.406250000000 1716.572812500000 1049.765625000000 1222.432031250000 6.285937500000 261.796875000000 0.030585937500 8.289062500000 0.284118492622
2431.406250000000 2083.692812500000 869.765625000000 1524.792031250000 5.085937500000 321.796875000000 0.024585937500 10.289062500000 0.399276048060
2561.406250000000 1808.352812500000 914.765625000000 1449.202031250000 6.585937500000 306.796875000000 0.029085937500 11.789062500000 0.454279029535
3081.406250000000 2175.472812500000 734.765625000000 1751.562031250000 5.385937500000 246.796875000000 0.035085937500 9.789062500000 0.485439534562
2821.406250000000 1624.792812500000 824.765625000000 1298.022031250000 5.985937500000 336.796875000000 0.032085937500 10.789062500000 0.374066879815
2301.406250000000 1991.912812500000 1004.765625000000 1600.382031250000 7.185937500000 276.796875000000 0.026085937500 8.789062500000 0.386413835128
2236.406250000000 1670.682812500000 892.265625000000 1789.357031250000 6.735937500000 284.296875000000 0.028335937500 10.539062500000 0.553229591005
2756.406250000000 2037.802812500000 1072.265625000000 1486.997031250000 5.535937500000 344.296875000000 0.034335937500 8.539062500000 0.251582170337
3016.406250000000 1487.122812500000 982.265625000000 1638.177031250000 4.935937500000 254.296875000000 0.031335937500 11.539062500000 0.529010069993
2496.406250000000 1854.242812500000 802.265625000000 1335.817031250000 6.135937500000 314.296875000000 0.025335937500 9.539062500000 0.380082608279
2366.406250000000 1578.902812500000 1027.265625000000 1713.767031250000 5.235937500000 329.296875000000 0.029835937500 8.039062500000 0.338000357436
2886.406250000000 1946.022812500000 847.265625000000 1411.407031250000 6.435937500000 269.296875000000 0.035835937500 10.039062500000 0.404079900131
2626.406250000000 1762.462812500000 757.265625000000 1562.587031250000 7.035937500000 359.296875000000 0.032835937500 9.039062500000 0.347975954053
2106.406250000000 2129.582812500000 937.265625000000 1260.227031250000 5.835937500000 299.296875000000 0.026835937500 11.039062500000 0.423006288186
2098.281250000000 1687.891562500000 760.078125000000 1491.721406250000 6.192187500000 275.859375000000 0.034804687500 10.320312500000 0.566212753416
2618.281250000000 2055.011562500000 940.078125000000 1794.081406250000 4.992187500000 335.859375000000 0.028804687500 8.320312500000 0.311984034647
2878.281250000000 1504.331562500000 1030.078125000000 1340.541406250000 5.592187500000 245.859375000000 0.025804687500 11.320312500000 0.472419172806
2358.281250000000 1871.451562500000 850.078125000000 1642.901406250000 6.792187500000 305.859375000000 0.031804687500 9.320312500000 0.416140209591
2488.281250000000 1596.111562500000 985.078125000000 1416.131406250000 5.892187500000 320.859375000000 0.033304687500 8.820312500000 0.330377818879
3008.281250000000 1963.231562500000 805.078125000000 1718.491406250000 7.092187500000 260.859375000000 0.027304687500 10.820312500000 0.504893020632
2748.281250000000 1779.671562500000 895.078125000000 1264.951406250000 6.492187500000 350.859375000000 0.024304687500 9.820312500000 0.306095257567
2228.281250000000 2146.791562500000 1075.078125000000 1567.311406250000 5.292187500000 290.859375000000 0.030304687500 11.820312500000 0.466599202394
2293.281250000000 1550.221562500000 827.578125000000 1680.696406250000 4.842187500000 298.359375000000 0.035554687500 9.570312500000 0.501118231614
2813.281250000000 1917.341562500000 1007.578125000000 1378.336406250000 6.042187500000 358.359375000000 0.029554687500 11.570312500000 0.327536744130
3073.281250000000 1733.781562500000 917.578125000000 1529.516406250000 6.642187500000 268.359375000000 0.026554687500 8.570312500000 0.355046471663
2553.281250000000 2100.901562500000 737.578125000000 1227.156406250000 5.442187500000 328.359375000000 0.032554687500 10.570312500000 0.376782652898
2423.281250000000 1825.561562500000 1052.578125000000 1756.286406250000 6.942187500000 313.359375000000 0.034054687500 11.070312500000 0.434999401567
2943.281250000000 2192.681562500000 872.578125000000 1453.926406250000 5.742187500000 253.359375000000 0.028054687500 9.070312500000 0.375829377351
2683.281250000000 1642.001562500000 782.578125000000 1605.106406250000 5.142187500000 343.359375000000 0.025054687500 10.070312500000 0.421666884211
2163.281250000000 2009.121562500000 962.578125000000 1302.746406250000 6.342187500000 283.359375000000 0.031054687500 8.070312500000 0.328414895938
2195.781250000000 1619.056562500000 996.328125000000 1283.848906250000 6.867187500000 249.609375000000 0.029179687500 9.195312500000 0.434235992856
2715.781250000000 1986.176562500000 816.328125000000 1586.208906250000 5.667187500000 309.609375000000 0.035179687500 11.195312500000 0.447349201550
2975.781250000000 1802.616562500000 726.328125000000 1435.028906250000 5.067187500000 279.609375000000 0.032179687500 8.195312500000 0.369124535766
2455.781250000000 2169.736562500000 906.328125000000 1737.388906250000 6.267187500000 339.609375000000 0.026179687500 10.195312500000 0.378273298633
2585.781250000000 1710.836562500000 861.328125000000 1359.438906250000 5.367187500000 354.609375000000 0.027679687500 11.695312500000 0.406059214641
3105.781250000000 2077.956562500000 1041.328125000000 1661.798906250000 6.567187500000 294.609375000000 0.033679687500 9.695312500000 0.326172888200
2845.781250000000 1527.276562500000 951.328125000000 1510.618906250000 7.167187500000 324.609375000000 0.030679687500 10.695312500000 0.384371113805
2325.781250000000 1894.396562500000 771.328125000000 1812.978906250000 5.967187500000 264.609375000000 0.024679687500 8.695312500000 0.500955861965
2260.781250000000 1756.726562500000 928.828125000000 1624.003906250000 5.517187500000 257.109375000000 0.029929687500 10.945312500000 0.575454478682
2780.781250000000 2123.846562500000 748.828125000000 1321.643906250000 6.717187500000 317.109375000000 0.035929687500 8.945312500000 0.317605391151
3040.781250000000 1573.166562500000 838.828125000000 1775.183906250000 6.117187500000 287.109375000000 0.032929687500 11.945312500000 0.542505004883
2520.781250000000 1940.286562500000 1018.828125000000 1472.823906250000 4.917187500000 347.109375000000 0.026929687500 9.945312500000 0.326191792481
2390.781250000000 1481.386562500000 793.828125000000 1548.413906250000 6.417187500000 332.109375000000 0.028429687500 8.445312500000 0.390434039608
2910.781250000000 1848.506562500000 973.828125000000 1246.053906250000 5.217187500000 272.109375000000 0.034429687500 10.445312500000 0.364147293930
2650.781250000000 1664.946562500000 1063.828125000000 1699.593906250000 5.817187500000 302.109375000000 0.031429687500 9.445312500000 0.376737659212
2130.781250000000 2032.066562500000 883.828125000000 1397.233906250000 7.017187500000 242.109375000000 0.025429687500 11.445312500000 0.581800878424
2114.531250000000 1492.859062500000 900.703125000000 1746.837656250000 5.104687500000 348.984375000000 0.031617187500 8.882812500000 0.418586707777
2634.531250000000 1859.979062500000 720.703125000000 1444.477656250000 6.304687500000 288.984375000000 0.025617187500 10.882812500000 0.500304316671
2894.531250000000 1676.419062500000 810.703125000000 1595.657656250000 6.904687500000 318.984375000000 0.028617187500 9.882812500000 0.400958593028
2374.531250000000 2043.539062500000 990.703125000000 1293.297656250000 5.704687500000 258.984375000000 0.034617187500 11.882812500000 0.476385914999
2504.531250000000 1768.199062500000 765.703125000000 1671.247656250000 6.604687500000 243.984375000000 0.030117187500 10.382812500000 0.600001050361
3024.531250000000 2135.319062500000 945.703125000000 1368.887656250000 5.404687500000 303.984375000000 0.024117187500 8.382812500000 0.269578805850
2764.531250000000 1584.639062500000 1035.703125000000 1520.067656250000 4.804687500000 273.984375000000 0.027117187500 11.382812500000 0.475231191614
2244.531250000000 1951.759062500000 855.703125000000 1217.707656250000 6.004687500000 333.984375000000 0.033117187500 9.382812500000 0.332381368364
2309.531250000000 1722.309062500000 1013.203125000000 1406.682656250000 6.454687500000 341.484375000000 0.032367187500 11.132812500000 0.387466302305
2829.531250000000 2089.429062500000 833.203125000000 1709.042656249999 5.254687500000 281.484375000000 0.026367187500 9.132812500000 0.401949476867
3089.531250000000 1538.749062500000 743.203125000000 1255.502656250000 5.854687500000 311.484375000000 0.029367187500 10.132812500000 0.383507366007
2569.531250000000 1905.869062500000 923.203125000000 1557.862656250000 7.054687500000 251.484375000000 0.035367187500 8.132812500000 0.378823613248
2439.531250000000 1630.529062500000 878.203125000000 1482.272656250000 5.554687500000 266.484375000000 0.030867187500 9.632812500000 0.477391918824
2959.531250000000 1997.649062500000 1058.203125000000 1784.632656250000 6.754687500000 326.484375000000 0.024867187500 11.632812500000 0.389594628897
2699.531250000000 1814.089062500000 968.203125000000 1331.092656250000 6.154687500000 296.484375000000 0.027867187500 8.632812500000 0.309967446385
2179.531250000000 2181.209062500000 788.203125000000 1633.452656250000 4.954687500000 356.484375000000 0.033867187500 10.632812500000 0.412153571658
2147.031250000000 1791.144062500000 844.453125000000 1538.965156250000 5.779687500000 322.734375000000 0.025992187500 11.507812500000 0.514957467845
2667.031250000000 2158.264062500000 1024.453125000000 1236.605156250000 6.979687500000 262.734375000000 0.031992187500 9.507812500000 0.327196436036
2927.031250000000 1607.584062500000 934.453125000000 1690.145156250000 6.379687500000 352.734375000000 0.034992187500 10.507812500000 0.366935391720
2407.031250000000 1974.704062500000 754.453125000000 1387.785156250000 5.179687500000 292.734375000000 0.028992187500 8.507812500000 0.381401554432
2537.031250000000 1515.804062500000 1069.453125000000 1614.555156250000 6.079687500000 277.734375000000 0.024492187500 9.007812500000 0.405069563455
3057.031250000000 1882.924062500000 889.453125000000 1312.195156250000 4.879687500000 337.734375000000 0.030492187500 11.007812500000 0.334621927674
2797.031250000000 1699.364062500000 799.453125000000 1765.735156250000 5.479687500000 247.734375000000 0.033492187500 8.007812500000 0.449847561093
2277.031250000000 2066.484062500000 979.453125000000 1463.375156250000 6.679687500000 307.734375000000 0.027492187500 10.007812500000 0.380955712717
2212.031250000000 1561.694062500000 731.953125000000 1349.990156250000 7.129687500000 300.234375000000 0.026742187500 8.257812500000 0.415544139771
2732.031250000000 1928.814062500000 911.953125000000 1652.350156250000 5.929687500000 240.234375000000 0.032742187500 10.257812500000 0.502016384866
2992.031250000000 1745.254062500000 1001.953125000000 1501.170156250000 5.329687500000 330.234375000000 0.035742187500 9.257812500000 0.298244993662
2472.031250000000 2112.374062500000 821.953125000000 1803.530156250000 6.529687500000 270.234375000000 0.029742187500 11.257812500000 0.551070991362
2342.031250000000 1653.474062500000 956.953125000000 1274.400156250000 5.029687500000 285.234375000000 0.025242187500 10.757812500000 0.450194198131
2862.031250000000 2020.594062500000 776.953125000000 1576.760156250000 6.229687500000 345.234375000000 0.031242187500 8.757812500000 0.314102364768
2602.031250000000 1469.914062500000 866.953125000000 1425.580156250000 6.829687500000 255.234375000000 0.034242187500 11.757812500000 0.563559459821
2082.031250000000 1837.034062500000 1046.953125000000 1727.940156250000 5.629687500000 315.234375000000 0.028242187500 9.757812500000 0.425496326438
2083.046875000000 1652.757031250000 850.429687500000 1300.974765625000 6.949218750000 292.617187500000 0.032613281250 9.699218750000 0.446888841159
2603.046875000000 2019.877031250000 1030.429687500000 1603.334765625000 5.749218750000 352.617187500000 0.026613281250 11.699218750000 0.376213951696
2863.046875000000 1469.197031250000 940.429687500000 1452.154765625000 5.149218750000 262.617187500000 0.029613281250 8.699218750000 0.391549392265
2343.046875000000 1836.317031250000 760.429687500000 1754.514765625000 6.349218750000 322.617187500000 0.035613281250 10.699218750000 0.498392126211
2473.046875000000 1560.977031250000 1075.429687500000 1225.384765625000 4.849218750000 307.617187500000 0.031113281250 11.199218750000 0.382775593006
2993.046875000000 1928.097031250000 895.429687500000 1527.744765625000 6.049218750000 247.617187500000 0.025113281250 9.199218750000 0.411809022984
2733.046875000000 1744.537031250000 805.429687500000 1376.564765625000 6.649218750000 337.617187500000 0.028113281250 10.199218750000 0.370169128085
2213.046875000000 2111.657031250000 985.429687500000 1678.924765625000 5.449218750000 277.617187500000 0.034113281250 8.199218750000 0.371218026364
2278.046875000000 1515.087031250000 737.929687500000 1565.539765625000 5.899218750000 270.117187500000 0.031863281250 10.449218750000 0.613670804749
2798.046875000000 1882.207031250000 917.929687500000 1263.179765625000 7.099218750000 330.117187500000 0.025863281250 8.449218750000 0.264149522340
3058.046875000000 1698.647031250000 1007.929687500000 1716.719765625000 6.499218750000 240.117187500000 0.028863281250 11.449218750000 0.521254709046
2538.046875000000 2065.767031250000 827.929687500000 1414.359765625000 5.299218750000 300.117187500000 0.034863281250 9.449218750000 0.374912544558
2408.046875000000 1790.427031250000 962.929687500000 1641.129765625000 6.199218750000 315.117187500000 0.030363281250 8.949218750000 0.368261907700
2928.046875000000 2157.547031250000 782.929687500000 1338.769765625000 4.999218750000 255.117187500000 0.024363281250 10.949218750000 0.466966038709
2668.046875000000 1606.867031250000 872.929687500000 1792.309765625000 5.599218750000 345.117187500000 0.027363281250 9.949218750000 0.415671275719
2148.046875000000 1973.987031250000 1052.929687500000 1489.949765625000 6.799218750000 285.117187500000 0.033363281250 11.949218750000 0.486167842478
2180.546875000000 1629.812031250000 906.679687500000 1395.462265625000 6.424218750000 258.867187500000 0.026988281250 10.824218750000 0.553297014006
2700.546875000000 1996.932031250000 726.679687500000 1697.822265625000 5.224218750000 318.867187500000 0.032988281250 8.824218750000 0.382640958618
2960.546875000000 1813.372031250000 816.679687500000 1244.282265625000 5.824218750000 288.867187500000 0.035988281250 11.824218750000 0.428021979028
2440.546875000000 2180.492031250000 996.679687500000 1546.642265624999 7.024218750000 348.867187500000 0.029988281250 9.824218750000 0.316584918869
2570.546875000000 1721.592031250000 771.679687500000 1471.052265625000 5.524218750000 333.867187500000 0.025488281250 8.324218750000 0.345672639925
3090.546875000000 2088.712031250000 951.679687500000 1773.412265625000 6.724218750000 273.867187500000 0.031488281250 10.324218750000 0.407952842716
2830.546875000000 1538.032031250000 1041.679687500000 1319.872265625000 6.124218750000 303.867187500000 0.034488281250 9.324218750000 0.310139808116
2310.546875000000 1905.152031250000 861.679687500000 1622.232265625000 4.924218750000 243.867187500000 0.028488281250 11.324218750000 0.626200271197
2245.546875000000 1767.482031250000 1019.179687500000 1811.207265625000 5.374218750000 251.367187500000 0.026238281250 9.074218750000 0.500752990302
2765.546875000000 2134.602031250000 839.179687500000 1508.847265625000 6.574218750000 311.367187500000 0.032238281250 11.074218750000 0.403363937970
3025.546875000000 1583.922031250000 749.179687500000 1660.027265625000 7.174218750000 281.367187500000 0.035238281250 8.074218750000 0.386512087078
2505.546875000000 1951.042031250000 929.179687500000 1357.667265625000 5.974218750000 341.367187500000 0.029238281250 10.074218750000 0.334516071430
2375.546875000000 1492.142031250000 884.179687500000 1735.617265625000 6.874218750000 356.367187500000 0.024738281250 11.574218750000 0.497600057371
2895.546875000000 1859.262031250000 1064.179687500000 1433.257265625000 5.674218750000 296.367187500000 0.030738281250 9.574218750000 0.320343096841
2635.546875000000 1675.702031250000 974.179687500000 1584.437265625000 5.074218750000 326.367187500000 0.033738281250 10.574218750000 0.399425402795
2115.546875000000 2042.822031250000 794.179687500000 1282.077265625000 6.274218750000 266.367187500000 0.027738281250 8.574218750000 0.411298528804
2131.796875000000 1480.669531250000 991.054687500000 1631.681015625000 5.561718750000 339.492187500000 0.035425781250 11.011718750000 0.474215251513
2651.796875000000 1847.789531250000 811.054687500000 1329.321015625000 6.761718750000 279.492187500000 0.029425781250 9.011718750000 0.379326738608
2911.796875000000 1664.229531250000 721.054687500000 1782.861015624999 6.161718750000 309.492187500000 0.026425781250 10.011718750000 0.479584511180
2391.796875000000 2031.349531250000 901.054687500000 1480.501015625000 4.961718750000 249.492187500000 0.032425781250 8.011718750000 0.389454513266
2521.796875000000 1756.009531250000 856.054687500000 1556.091015625000 6.461718750000 264.492187500000 0.033925781250 9.511718750000 0.462842288912
3041.796875000000 2123.129531250000 1036.054687500000 1253.731015625000 5.261718750000 324.492187500000 0.027925781250 11.511718750000 0.307517764450
2781.796875000000 1572.449531250000 946.054687500000 1707.271015625000 5.861718750000 294.492187500000 0.024925781250 8.511718750000 0.378510396333
2261.796875000000 1939.569531250000 766.054687500000 1404.911015625000 7.061718750000 354.492187500000 0.030925781250 10.511718750000 0.399847499631
2326.796875000000 1710.119531250000 923.554687500000 1215.936015625000 6.611718750000 346.992187500000 0.034675781250 8.761718750000 0.292382598212
2846.796875000000 2077.239531250000 743.554687500000 1518.296015625000 5.411718750000 286.992187500000 0.028675781250 10.761718750000 0.461249269779
3106.796875000000 1526.559531250000 833.554687500000 1367.116015625000 4.811718750000 316.992187500000 0.025675781250 9.761718750000 0.362713362901
2586.796875000000 1893.679531250000 1013.554687500000 1669.476015625000 6.011718750000 256.992187500000 0.031675781250 11.761718750000 0.528272809450
2456.796875000000 1618.339531250000 788.554687500000 1291.526015625000 5.111718750000 241.992187500000 0.033175781250 10.261718750000 0.545014632724
2976.796875000000 1985.459531250000 968.554687500000 1593.886015625000 6.311718750000 301.992187500000 0.027175781250 8.261718750000 0.296872130648
2716.796875000000 1801.899531250000 1058.554687500000 1442.706015625000 6.911718750000 271.992187500000 0.024175781250 11.261718750000 0.430167185820
2196.796875000000 2169.019531250000 878.554687500000 1745.066015625000 5.711718750000 331.992187500000 0.030175781250 9.261718750000 0.378210679948
2164.296875000000 1824.844531250000 754.804687500000 1726.168515625000 5.036718750000 305.742187500000 0.029800781250 8.386718750000 0.439573038717
2684.296875000000 2191.964531250000 934.804687500000 1423.808515625000 6.236718750000 245.742187500000 0.035800781250 10.386718750000 0.430541761032
2944.296875000000 1641.284531250000 1024.804687500000 1574.988515625000 6.836718750000 335.742187500000 0.032800781250 9.386718750000 0.307134801419
2424.296875000000 2008.404531250000 844.804687500000 1272.628515625000 5.636718750000 275.742187500000 0.026800781250 11.386718750000 0.476154431141
2554.296875000000 1549.504531250000 979.804687500000 1801.758515625000 7.136718750000 290.742187500000 0.028300781250 10.886718750000 0.504702759439
3074.296875000000 1916.624531250000 799.804687500000 1499.398515625000 5.936718750000 350.742187500000 0.034300781250 8.886718750000 0.295153396588
2814.296875000000 1733.064531250000 889.804687500000 1650.578515625000 5.336718750000 260.742187500000 0.031300781250 11.886718750000 0.561783267812
2294.296875000000 2100.184531250000 1069.804687500000 1348.218515625000 6.536718750000 320.742187500000 0.025300781250 9.886718750000 0.326521956416
2229.296875000000 1595.394531250000 822.304687500000 1461.603515625000 6.086718750000 328.242187500000 0.029050781250 11.636718750000 0.515831148795
2749.296875000000 1962.514531250000 1002.304687500000 1763.963515625000 4.886718750000 268.242187500000 0.035050781250 9.636718750000 0.420079729094
3009.296875000000 1778.954531250000 912.304687500000 1310.423515625000 5.486718750000 358.242187500000 0.032050781250 10.636718750000 0.307295868637
2489.296875000000 2146.074531250000 732.304687500000 1612.783515625000 6.686718750000 298.242187500000 0.026050781250 8.636718750000 0.389789533118
2359.296875000000 1687.174531250000 1047.304687500000 1386.013515625000 5.786718750000 283.242187500000 0.027550781250 9.136718750000 0.375065936106
2879.296875000000 2054.294531250000 867.304687500000 1688.373515625000 6.986718750000 343.242187500000 0.033550781250 11.136718750000 0.380735820999
2619.296875000000 1503.614531250000 777.304687500000 1234.833515625000 6.386718750000 253.242187500000 0.030550781250 8.136718750000 0.401629025281
2099.296875000000 1870.734531250000 957.304687500000 1537.193515625000 5.186718750000 313.242187500000 0.024550781250 10.136718750000 0.437097634677
2107.421875000000 1578.185781250000 785.742187500000 1759.239140625000 6.780468750000 321.679687500000 0.033832031250 11.480468750000 0.592608682986
2627.421875000000 1945.305781250000 965.742187500000 1456.879140625000 5.580468750000 261.679687500000 0.027832031250 9.480468750000 0.403168920299
2887.421875000000 1761.745781250000 1055.742187500000 1608.059140625000 4.980468750000 351.679687500000 0.024832031250 10.480468750000 0.334460339795
2367.421875000000 2128.865781250000 875.742187500000 1305.699140625000 6.180468750000 291.679687500000 0.030832031250 8.480468750000 0.329817124348
2497.421875000000 1669.965781250000 920.742187500000 1683.649140625000 5.280468750000 276.679687500000 0.035332031250 9.980468750000 0.483279168665
3017.421875000000 2037.085781250000 740.742187500000 1381.289140625000 6.480468750000 336.679687500000 0.029332031250 11.980468750000 0.405344697739
2757.421875000000 1486.405781250000 830.742187500000 1532.469140625000 7.080468750000 246.679687500000 0.026332031250 8.980468750000 0.479339297354
2237.421875000000 1853.525781250000 1010.742187500000 1230.109140625000 5.880468750000 306.679687500000 0.032332031250 10.980468750000 0.391685082152
2302.421875000000 1807.635781250000 898.242187500000 1419.084140625000 5.430468750000 314.179687500000 0.033082031250 8.730468750000 0.355809171487
2822.421875000000 2174.755781250000 1078.242187500000 1721.444140625000 6.630468750000 254.179687500000 0.027082031250 10.730468750000 0.435729314849
3082.421875000000 1624.075781250000 988.242187500000 1267.904140625000 6.030468750000 344.179687500000 0.024082031250 9.730468750000 0.275948605243
2562.421875000000 1991.195781250000 808.242187500000 1570.264140625000 4.830468750000 284.179687500000 0.030082031250 11.730468750000 0.531794680182
2432.421875000000 1532.295781250000 1033.242187500000 1494.674140625000 6.330468750000 299.179687500000 0.034582031250 10.230468750000 0.413793633253
2952.421875000000 1899.415781250000 853.242187500000 1797.034140625000 5.130468750000 359.179687500000 0.028582031250 8.230468750000 0.295613778755
2692.421875000000 1715.855781250000 763.242187500000 1343.494140625000 5.730468750000 269.179687500000 0.025582031250 11.230468750000 0.526162053220
2172.421875000000 2082.975781250000 943.242187500000 1645.854140625000 6.930468750000 329.179687500000 0.031582031250 9.230468750000 0.362405610376
2204.921875000000 1738.800781250000 1066.992187500000 1513.571640625000 6.255468750000 355.429687500000 0.028207031250 8.105468750000 0.287242282606
2724.921875000000 2105.920781250000 886.992187500000 1211.211640625000 5.055468750000 295.429687500000 0.034207031250 10.105468750000 0.341403475089
2984.921875000000 1555.240781250000 796.992187500000 1664.751640624999 5.655468750000 325.429687500000 0.031207031250 9.105468750000 0.382954614160
2464.921875000000 1922.360781250000 976.992187500000 1362.391640625000 6.855468750000 265.429687500000 0.025207031250 11.105468750000 0.457859544231
2594.921875000000 1647.020781250000 841.992187500000 1589.161640625000 5.955468750000 250.429687500000 0.029707031250 10.605468750000 0.563071663674
3114.921875000000 2014.140781250000 1021.992187500000 1286.801640625000 7.155468750000 310.429687500000 0.035707031250 8.605468750000 0.238953281332
2854.921875000000 1830.580781250000 931.992187500000 1740.341640625000 6.555468750000 280.429687500000 0.032707031250 11.605468750000 0.490640483716
2334.921875000000 2197.700781250000 751.992187500000 1437.981640625000 5.355468750000 340.429687500000 0.026707031250 9.605468750000 0.366278884588
2269.921875000000 1509.350781250000 954.492187500000 1324.596640625000 4.905468750000 332.929687500000 0.027457031250 11.855468750000 0.459940147297
2789.921875000000 1876.470781250000 774.492187500000 1626.956640625000 6.105468750000 272.929687500000 0.033457031250 9.855468750000 0.466754006389
3049.921875000000 1692.910781250000 864.492187500000 1475.776640625000 6.705468750000 302.929687500000 0.030457031250 10.855468750000 0.405858703216
2529.921875000000 2060.030781250000 1044.492187500000 1778.136640625000 5.505468750000 242.929687500000 0.024457031250 8.855468750000 0.434082029346
2399.921875000000 1784.690781250000 729.492187500000 1249.006640625000 7.005468750000 257.929687500000 0.028957031250 9.355468750000 0.466603037270
2919.921875000000 2151.810781250000 909.492187500000 1551.366640625000 5.805468750000 317.929687500000 0.034957031250 11.355468750000 0.381765652596
2659.921875000000 1601.130781250000 999.492187500000 1400.186640625000 5.205468750000 287.929687500000 0.031957031250 8.355468750000 0.329983847982
2139.921875000000 1968.250781250000 819.492187500000 1702.546640625000 6.405468750000 347.929687500000 0.025957031250 10.355468750000 0.439370224412
2123.671875000000 1750.273281250000 971.367187500000 1504.122890625000 5.767968750000 244.804687500000 0.031019531250 9.792968750000 0.523436359989
2643.671875000000 2117.393281250000 791.367187500000 1806.482890625000 6.967968750000 304.804687500000 0.025019531250 11.792968750000 0.511887276822
2903.671875000000 1566.713281250000 881.367187500000 1352.942890625000 6.367968750000 274.804687500000 0.028019531250 8.792968750000 0.362866060579
2383.671875000000 1933.833281250000 1061.367187500000 1655.302890625000 5.167968750000 334.804687500000 0.034019531250 10.792968750000 0.389037053787
2513.671875000000 1474.933281250000 746.367187500000 1428.532890625000 6.067968750000 349.804687500000 0.032519531250 11.292968750000 0.471532443500
3033.671875000000 1842.053281250000 926.367187500000 1730.892890625000 4.867968750000 289.804687500000 0.026519531250 9.292968750000 0.385263764033
2773.671875000000 1658.493281250000 1016.367187500000 1277.352890625000 5.467968750000 319.804687500000 0.029519531250 10.292968750000 0.328195282009
2253.671875000000 2025.613281250000 836.367187500000 1579.712890625000 6.667968750000 259.804687500000 0.035519531250 8.292968750000 0.419945551654
2318.671875000000 1612.603281250000 1038.867187500000 1693.097890625000 7.117968750000 267.304687500000 0.030269531250 10.042968750000 0.488413513924
2838.671875000000 1979.723281250000 858.867187500000 1390.737890625000 5.917968750000 327.304687500000 0.024269531250 8.042968750000 0.274889474141
3098.671875000000 1796.163281250000 768.867187500000 1541.917890625000 5.317968750000 297.304687500000 0.027269531250 11.042968750000 0.460385452230
2578.671875000000 2163.283281250000 948.867187500000 1239.557890625000 6.517968750000 357.304687500000 0.033269531250 9.042968750000 0.251196540831
2448.671875000000 1704.383281250000 813.867187500000 1768.687890625000 5.017968750000 342.304687500000 0.031769531250 8.542968750000 0.379724850332
2968.671875000000 2071.503281250000 993.867187500000 1466.327890625000 6.217968750000 282.304687500000 0.025769531250 10.542968750000 0.371077690484
2708.671875000000 1520.823281250000 903.867187500000 1617.507890625000 6.817968750000 312.304687500000 0.028769531250 9.542968750000 0.402223138481
2188.671875000000 1887.943281250000 723.867187500000 1315.147890625000 5.617968750000 252.304687500000 0.034769531250 11.542968750000 0.616467349704
2156.171875000000 1543.768281250000 870.117187500000 1258.455390625000 5.242968750000 278.554687500000 0.025394531250 10.667968750000 0.516416347433
2676.171875000000 1910.888281250000 1050.117187500000 1560.815390625000 6.442968750000 338.554687500000 0.031394531250 8.667968750000 0.280441955483
2936.171875000000 1727.328281250000 960.117187500000 1409.635390625000 7.042968750000 248.554687500000 0.034394531250 11.667968750000 0.467804161169
2416.171875000000 2094.448281250000 780.117187500000 1711.995390625000 5.842968750000 308.554687500000 0.028394531250 9.667968750000 0.431916992923
2546.171875000000 1819.108281250000 1005.117187500000 1334.045390625000 6.742968750000 323.554687500000 0.026894531250 8.167968750000 0.273827723474
3066.171875000000 2186.228281250000 825.117187500000 1636.405390625000 5.542968750000 263.554687500000 0.032894531250 10.167968750000 0.431851104571
2806.171875000000 1635.548281250000 735.117187500000 1485.225390625000 4.942968750000 353.554687500000 0.035894531250 9.167968750000 0.357074462763
2286.171875000000 2002.668281250000 915.117187500000 1787.585390625000 6.142968750000 293.554687500000 0.029894531250 11.167968750000 0.513076530015
2221.171875000000 1681.438281250000 802.617187500000 1598.610390625000 6.592968750000 286.054687500000 0.024644531250 9.417968750000 0.500409552223
2741.171875000000 2048.558281250000 982.617187500000 1296.250390625000 5.392968750000 346.054687500000 0.030644531250 11.417968750000 0.325965478394
3001.171875000000 1497.878281250000 1072.617187500000 1749.790390625000 5.992968750000 256.054687500000 0.033644531250 8.417968750000 0.374967908678
2481.171875000000 1864.998281250000 892.617187500000 1447.430390625000 7.192968750000 316.054687500000 0.027644531250 10.417968750000 0.400006353183
2351.171875000000 1589.658281250000 937.617187500000 1523.020390625000 5.692968750000 301.054687500000 0.026144531250 11.917968750000 0.531282598065
2871.171875000000 1956.778281250000 757.617187500000 1220.660390625000 6.892968750000 241.054687500000 0.032144531250 9.917968750000 0.436459912889
2611.171875000000 1773.218281250000 847.617187500000 1674.200390625000 6.292968750000 331.054687500000 0.035144531250 10.917968750000 0.439806601918
2091.171875000000 2140.338281250000 1027.617187500000 1371.840390625000 5.092968750000 271.054687500000 0.029144531250 8.917968750000 0.376675311544
2095.234375000000 1529.427656250000 930.585937500000 1719.081953125000 6.171093750000 252.773437500000 0.033035156250 8.277343750000 0.502022399959
