2600.000000000000 1835.600000000000 900.000000000000 1511.800000000000 6.000000000000 300.000000000000 0.030000000000 10.000000000000 0.406831527850
2860.000000000000 1652.040000000000 990.000000000000 1360.620000000000 6.600000000000 270.000000000000 0.033000000000 9.000000000000 0.342576388454
2340.000000000000 2019.160000000000 810.000000000000 1662.980000000000 5.400000000000 330.000000000000 0.027000000000 11.000000000000 0.464939773646
2470.000000000000 1743.820000000000 945.000000000000 1285.030000000000 6.900000000000 345.000000000000 0.025500000000 10.500000000000 0.347676790617
2990.000000000000 2110.940000000000 765.000000000000 1587.390000000000 5.700000000000 285.000000000000 0.031500000000 8.500000000000 0.357961671808
2730.000000000000 1560.260000000000 855.000000000000 1436.210000000000 5.100000000000 315.000000000000 0.034500000000 11.500000000000 0.458882981420
2210.000000000000 1927.380000000000 1035.000000000000 1738.569999999999 6.300000000000 255.000000000000 0.028500000000 9.500000000000 0.481061141229
2275.000000000000 1697.930000000000 832.500000000000 1625.185000000000 6.150000000000 262.500000000000 0.024750000000 11.750000000000 0.651585310393
2795.000000000000 2065.050000000000 1012.500000000000 1322.825000000000 4.950000000000 322.500000000000 0.030750000000 9.750000000000 0.295306507477
3055.000000000000 1514.370000000000 922.500000000000 1776.365000000000 5.550000000000 292.500000000000 0.033750000000 10.750000000000 0.465277401441
2535.000000000000 1881.490000000000 742.500000000000 1474.005000000000 6.750000000000 352.500000000000 0.027750000000 8.750000000000 0.337478497102
2405.000000000000 1606.150000000000 1057.500000000000 1549.595000000000 5.850000000000 337.500000000000 0.026250000000 9.250000000000 0.345645100238
2925.000000000000 1973.270000000000 877.500000000000 1247.235000000000 7.050000000000 277.500000000000 0.032250000000 11.250000000000 0.394044447846
2665.000000000000 1789.710000000000 787.500000000000 1700.775000000000 6.450000000000 307.500000000000 0.035250000000 8.250000000000 0.372582223883
2145.000000000000 2156.830000000000 967.500000000000 1398.415000000000 5.250000000000 247.500000000000 0.029250000000 10.250000000000 0.483145845335
2177.500000000000 1812.655000000000 1023.750000000000 1455.107500000000 5.475000000000 281.250000000000 0.030375000000 11.375000000000 0.496838976946
2697.500000000000 2179.775000000000 843.750000000000 1757.467500000000 6.675000000000 341.250000000000 0.024375000000 9.375000000000 0.346171747184
2957.500000000000 1629.095000000000 753.750000000000 1303.927500000000 6.075000000000 251.250000000000 0.027375000000 10.375000000000 0.491226371442
2437.500000000000 1996.215000000000 933.750000000000 1606.287500000000 4.875000000000 311.250000000000 0.033375000000 8.375000000000 0.337667460686
2567.500000000000 1537.315000000000 888.750000000000 1379.517500000000 6.375000000000 326.250000000000 0.031875000000 9.875000000000 0.378087485632
3087.500000000000 1904.435000000000 1068.750000000000 1681.877500000000 5.175000000000 266.250000000000 0.025875000000 11.875000000000 0.464757607598
2827.500000000000 1720.875000000000 978.750000000000 1228.337500000000 5.775000000000 356.250000000000 0.028875000000 8.875000000000 0.250565296914
2307.500000000000 2087.995000000000 798.750000000000 1530.697500000000 6.975000000000 296.250000000000 0.034875000000 10.875000000000 0.474033262689
2242.500000000000 1583.205000000000 911.250000000000 1719.672500000000 6.825000000000 288.750000000000 0.031125000000 8.625000000000 0.444011041210
2762.500000000000 1950.325000000000 731.250000000000 1417.312500000000 5.625000000000 348.750000000000 0.025125000000 10.625000000000 0.387611088996
3022.500000000000 1766.765000000000 821.250000000000 1568.492500000000 5.025000000000 258.750000000000 0.028125000000 9.625000000000 0.457109349898
2502.500000000000 2133.885000000000 1001.250000000000 1266.132500000000 6.225000000000 318.750000000000 0.034125000000 11.625000000000 0.360281239099
2372.500000000000 1674.985000000000 776.250000000000 1795.262500000000 5.325000000000 303.750000000000 0.032625000000 10.125000000000 0.528928847506
2892.500000000000 2042.105000000000 956.250000000000 1492.902500000000 6.525000000000 243.750000000000 0.026625000000 8.125000000000 0.348770978912
2632.500000000000 1491.425000000000 1046.250000000000 1644.082500000000 7.125000000000 333.750000000000 0.029625000000 11.125000000000 0.410710437931
2112.500000000000 1858.545000000000 866.250000000000 1341.722500000000 5.925000000000 273.750000000000 0.035625000000 9.125000000000 0.430765294316
2128.750000000000 1663.512500000000 939.375000000000 1559.043750000000 6.487500000000 316.875000000000 0.027187500000 10.687500000000 0.477496431526
2648.750000000000 2030.632500000000 759.375000000000 1256.683750000000 5.287500000000 256.875000000000 0.033187500000 8.687500000000 0.389734275956
2908.750000000000 1479.952500000000 849.375000000000 1710.223750000000 5.887500000000 346.875000000000 0.030187500000 11.687500000000 0.464573489753
2388.750000000000 1847.072500000000 1029.375000000000 1407.863750000000 7.087500000000 286.875000000000 0.024187500000 9.687500000000 0.382727073016
2518.750000000000 1571.732500000000 804.375000000000 1634.633750000000 5.587500000000 271.875000000000 0.028687500000 8.187500000000 0.447190851072
3038.750000000000 1938.852500000000 984.375000000000 1332.273750000000 6.787500000000 331.875000000000 0.034687500000 10.187500000000 0.287982962719
2778.750000000000 1755.292500000000 1074.375000000000 1785.813750000000 6.187500000000 241.875000000000 0.031687500000 9.187500000000 0.436111991944
2258.750000000000 2122.412500000000 894.375000000000 1483.453750000000 4.987500000000 301.875000000000 0.025687500000 11.187500000000 0.462915651555
2323.750000000000 1525.842500000000 1006.875000000000 1294.478750000000 5.137500000000 309.375000000000 0.027937500000 9.437500000000 0.369026936018
2843.750000000000 1892.962500000000 826.875000000000 1596.838750000000 6.337500000000 249.375000000000 0.033937500000 11.437500000000 0.544551794991
3103.750000000000 1709.402500000000 736.875000000000 1445.658750000000 6.937500000000 339.375000000000 0.030937500000 8.437500000000 0.308628663390
2583.750000000000 2076.522500000000 916.875000000000 1748.018750000000 5.737500000000 279.375000000000 0.024937500000 10.437500000000 0.467592904875
2453.750000000000 1801.182500000000 871.875000000000 1218.888750000000 6.637500000000 294.375000000000 0.029437500000 11.937500000000 0.457528212000
2973.750000000000 2168.302500000000 1051.875000000000 1521.248750000000 5.437500000000 354.375000000000 0.035437500000 9.937500000000 0.272301157379
2713.750000000000 1617.622500000000 961.875000000000 1370.068750000000 4.837500000000 264.375000000000 0.032437500000 10.937500000000 0.462565187111
2193.750000000000 1984.742500000000 781.875000000000 1672.428750000000 6.037500000000 324.375000000000 0.026437500000 8.937500000000 0.407197410782
2161.250000000000 1640.567500000000 815.625000000000 1804.711250000000 7.162500000000 358.125000000000 0.033562500000 9.812500000000 0.446861185702
2681.250000000000 2007.687500000000 995.625000000000 1502.351250000000 5.962500000000 298.125000000000 0.027562500000 11.812500000000 0.430146866773
2941.250000000000 1824.127500000000 905.625000000000 1653.531250000000 5.362500000000 328.125000000000 0.024562500000 8.812500000000 0.328417477076
2421.250000000000 2191.247500000000 725.625000000000 1351.171250000000 6.562500000000 268.125000000000 0.030562500000 10.812500000000 0.494197428349
2551.250000000000 1732.347500000000 1040.625000000000 1729.121250000000 5.062500000000 253.125000000000 0.035062500000 11.312500000000 0.544226594608
3071.250000000000 2099.467500000000 860.625000000000 1426.761250000000 6.262500000000 313.125000000000 0.029062500000 9.312500000000 0.311166423684
2811.250000000000 1548.787500000000 770.625000000000 1577.941250000000 6.862500000000 283.125000000000 0.026062500000 10.312500000000 0.503990608672
2291.250000000000 1915.907500000000 950.625000000000 1275.581250000000 5.662500000000 343.125000000000 0.032062500000 8.312500000000 0.278981434496
2226.250000000000 1778.237500000000 748.125000000000 1388.966250000000 5.812500000000 335.625000000000 0.034312500000 10.062500000000 0.429653267692
2746.250000000000 2145.357500000000 928.125000000000 1691.326250000000 7.012500000000 275.625000000000 0.028312500000 8.062500000000 0.336946545221
3006.250000000000 1594.677500000000 1018.125000000000 1237.786250000000 6.412500000000 305.625000000000 0.025312500000 11.062500000000 0.343430292814
2486.250000000000 1961.797500000000 838.125000000000 1540.146250000000 5.212500000000 245.625000000000 0.031312500000 9.062500000000 0.470570613410
2356.250000000000 1502.897500000000 973.125000000000 1464.556250000000 6.112500000000 260.625000000000 0.035812500000 8.562500000000 0.418312913101
2876.250000000000 1870.017500000000 793.125000000000 1766.916250000000 4.912500000000 320.625000000000 0.029812500000 10.562500000000 0.446375557317
2616.250000000000 1686.457500000000 883.125000000000 1313.376250000000 5.512500000000 290.625000000000 0.026812500000 9.562500000000 0.389244368059
2096.250000000000 2053.577500000000 1063.125000000000 1615.736250000000 6.712500000000 350.625000000000 0.032812500000 11.562500000000 0.406236015447
2104.375000000000 1761.028750000000 880.312500000000 1696.050625000000 5.306250000000 344.062500000000 0.028781250000 10.781250000000 0.477252562599
2624.375000000000 2128.148750000000 1060.312500000000 1393.690625000000 6.506250000000 284.062500000000 0.034781250000 8.781250000000 0.301663002742
2884.375000000000 1577.468750000000 970.312500000000 1544.870625000000 7.106250000000 314.062500000000 0.031781250000 11.781250000000 0.425462333914
2364.375000000000 1944.588750000000 790.312500000000 1242.510625000000 5.906250000000 254.062500000000 0.025781250000 9.781250000000 0.468920746579
2494.375000000000 1485.688750000000 1015.312500000000 1771.640625000000 6.806250000000 269.062500000000 0.027281250000 8.281250000000 0.421480430815
3014.375000000000 1852.808750000000 835.312500000000 1469.280625000000 5.606250000000 329.062500000000 0.033281250000 10.281250000000 0.359037204726
2754.375000000000 1669.248750000000 745.312500000000 1620.460624999999 5.006250000000 299.062500000000 0.030281250000 9.281250000000 0.446657249861
2234.375000000000 2036.368750000000 925.312500000000 1318.100625000000 6.206250000000 359.062500000000 0.024281250000 11.281250000000 0.371857729395
2299.375000000000 1623.358750000000 767.812500000000 1507.075625000000 6.356250000000 351.562500000000 0.029531250000 9.031250000000 0.390489858422
2819.375000000000 1990.478750000000 947.812500000000 1809.435625000000 5.156250000000 291.562500000000 0.035531250000 11.031250000000 0.453171495979
3079.375000000000 1806.918750000000 1037.812500000000 1355.895625000000 5.756250000000 321.562500000000 0.032531250000 8.031250000000 0.236909242445
2559.375000000000 2174.038750000000 857.812500000000 1658.255625000000 6.956250000000 261.562500000000 0.026531250000 10.031250000000 0.467350965509
2429.375000000000 1715.138750000000 902.812500000000 1431.485625000000 5.456250000000 246.562500000000 0.028031250000 11.531250000000 0.581452832948
2949.375000000000 2082.258750000000 722.812500000000 1733.845625000000 6.656250000000 306.562500000000 0.034031250000 9.531250000000 0.401785694590
2689.375000000000 1531.578750000000 812.812500000000 1280.305625000000 6.056250000000 276.562500000000 0.031031250000 10.531250000000 0.462241003263
2169.375000000000 1898.698750000000 992.812500000000 1582.665625000000 4.856250000000 336.562500000000 0.025031250000 8.531250000000 0.336568610626
2201.875000000000 1554.523750000000 959.062500000000 1601.563125000000 5.981250000000 302.812500000000 0.035156250000 9.656250000000 0.450585513970
2721.875000000000 1921.643750000000 779.062500000000 1299.203125000000 7.181250000000 242.812500000000 0.029156250000 11.656250000000 0.536890536356
2981.875000000000 1738.083750000000 869.062500000000 1752.743125000000 6.581250000000 332.812500000000 0.026156250000 8.656250000000 0.336285793392
2461.875000000000 2105.203750000000 1049.062500000000 1450.383125000000 5.381250000000 272.812500000000 0.032156250000 10.656250000000 0.413952043481
2591.875000000000 1829.863750000000 734.062500000000 1525.973125000000 6.281250000000 287.812500000000 0.033656250000 11.156250000000 0.523960096175
3111.875000000000 2196.983750000000 914.062500000000 1223.613125000000 5.081250000000 347.812500000000 0.027656250000 9.156250000000 0.240529045445
2851.875000000000 1646.303750000000 1004.062500000000 1677.153125000000 5.681250000000 257.812500000000 0.024656250000 10.156250000000 0.471288268066
2331.875000000000 2013.423750000000 824.062500000000 1374.793125000000 6.881250000000 317.812500000000 0.030656250000 8.156250000000 0.320073429037
2266.875000000000 1692.193750000000 1071.562500000000 1261.408125000000 7.031250000000 325.312500000000 0.035906250000 10.406250000000 0.344307076599
2786.875000000000 2059.313750000000 891.562500000000 1563.768125000000 5.831250000000 265.312500000000 0.029906250000 8.406250000000 0.363337392562
3046.875000000000 1508.633750000000 801.562500000000 1412.588125000000 5.231250000000 355.312500000000 0.026906250000 11.406250000000 0.401911982594
2526.875000000000 1875.753750000000 981.562500000000 1714.948125000000 6.431250000000 295.312500000000 0.032906250000 9.406250000000 0.395266229170
2396.875000000000 1600.413750000000 846.562500000000 1336.998125000000 4.931250000000 280.312500000000 0.034406250000 8.906250000000 0.416282079544
2916.875000000000 1967.533750000000 1026.562500000000 1639.358125000000 6.131250000000 340.312500000000 0.028406250000 10.906250000000 0.346722148997
2656.875000000000 1783.973750000000 936.562500000000 1488.178125000000 6.731250000000 250.312500000000 0.025406250000 9.906250000000 0.460289340432
2136.875000000000 2151.093750000000 756.562500000000 1790.538125000000 5.531250000000 310.312500000000 0.031406250000 11.906250000000 0.565821199317
2120.625000000000 1565.996250000000 1054.687500000000 1422.036875000000 6.018750000000 297.187500000000 0.025593750000 8.468750000000 0.371145222667
2640.625000000000 1933.116250000000 874.687500000000 1724.396875000000 4.818750000000 357.187500000000 0.031593750000 10.468750000000 0.385314271582
2900.625000000000 1749.556250000000 784.687500000000 1270.856875000000 5.418750000000 267.187500000000 0.034593750000 9.468750000000 0.400961242793
2380.625000000000 2116.676250000000 964.687500000000 1573.216875000000 6.618750000000 327.187500000000 0.028593750000 11.468750000000 0.415541485400
2510.625000000000 1657.776250000000 829.687500000000 1497.626875000000 5.718750000000 312.187500000000 0.024093750000 10.968750000000 0.482135744049
3030.625000000000 2024.896250000000 1009.687500000000 1799.986875000000 6.918750000000 252.187500000000 0.030093750000 8.968750000000 0.384272140039
2770.625000000000 1474.216250000000 919.687500000000 1346.446875000000 6.318750000000 342.187500000000 0.033093750000 11.968750000000 0.402067979461
2250.625000000000 1841.336250000000 739.687500000000 1648.806875000000 5.118750000000 282.187500000000 0.027093750000 9.968750000000 0.545037677917
2315.625000000000 1795.446250000000 987.187500000000 1762.191875000000 4.968750000000 274.687500000000 0.026343750000 11.718750000000 0.581093931275
2835.625000000000 2162.566250000000 807.187500000000 1459.831875000000 6.168750000000 334.687500000000 0.032343750000 9.718750000000 0.329756173748
3095.625000000000 1611.886250000000 897.187500000000 1611.011875000000 6.768750000000 244.687500000000 0.035343750000 10.718750000000 0.491122420235
2575.625000000000 1979.006250000000 1077.187500000000 1308.651875000000 5.568750000000 304.687500000000 0.029343750000 8.718750000000 0.283865872567
2445.625000000000 1520.106250000000 762.187500000000 1686.601875000000 7.068750000000 319.687500000000 0.024843750000 9.218750000000 0.462458070638
2965.625000000000 1887.226250000000 942.187500000000 1384.241875000000 5.868750000000 259.687500000000 0.030843750000 11.218750000000 0.436101838258
2705.625000000000 1703.666250000000 1032.187500000000 1535.421875000000 5.268750000000 349.687500000000 0.033843750000 8.218750000000 0.271175698032
2185.625000000000 2070.786250000000 852.187500000000 1233.061875000000 6.468750000000 289.687500000000 0.027843750000 10.218750000000 0.416415495070
2153.125000000000 1726.611250000000 795.937500000000 1327.549375000000 6.693750000000 255.937500000000 0.031968750000 11.093750000000 0.582073757312
2673.125000000000 2093.731250000000 975.937500000000 1629.909375000000 5.493750000000 315.937500000000 0.025968750000 9.093750000000 0.332015469791
2933.125000000000 1543.051250000000 1065.937500000000 1478.729375000000 4.893750000000 285.937500000000 0.028968750000 10.093750000000 0.378806581210
2413.125000000000 1910.171250000000 885.937500000000 1781.089375000000 6.093750000000 345.937500000000 0.034968750000 8.093750000000 0.323848732051
2543.125000000000 1634.831250000000 930.937500000000 1251.959375000000 5.193750000000 330.937500000000 0.030468750000 9.593750000000 0.332445532957
3063.125000000000 2001.951250000000 750.937500000000 1554.319375000000 6.393750000000 270.937500000000 0.024468750000 11.593750000000 0.513787078117
2803.125000000000 1818.391250000000 840.937500000000 1403.139375000000 6.993750000000 300.937500000000 0.027468750000 8.593750000000 0.333538550104
2283.125000000000 2185.511250000000 1020.937500000000 1705.499375000000 5.793750000000 240.937500000000 0.033468750000 10.593750000000 0.518700929359
2218.125000000000 1497.161250000000 863.437500000000 1516.524375000000 5.643750000000 248.437500000000 0.032718750000 8.843750000000 0.521980201965
2738.125000000000 1864.281250000000 1043.437500000000 1214.164375000000 6.843750000000 308.437500000000 0.026718750000 10.843750000000 0.328083100868
2998.125000000000 1680.721250000000 953.437500000000 1667.704375000000 6.243750000000 278.437500000000 0.029718750000 9.843750000000 0.413253832117
2478.125000000000 2047.841250000000 773.437500000000 1365.344375000000 5.043750000000 338.437500000000 0.035718750000 11.843750000000 0.433498883005
2348.125000000000 1772.501250000000 998.437500000000 1592.114375000000 6.543750000000 353.437500000000 0.031218750000 10.343750000000 0.372857438708
2868.125000000000 2139.621250000000 818.437500000000 1289.754375000000 5.343750000000 293.437500000000 0.025218750000 8.343750000000 0.303192244040
2608.125000000000 1588.941250000000 728.437500000000 1743.294375000000 5.943750000000 323.437500000000 0.028218750000 11.343750000000 0.552791802506
2088.125000000000 1956.061250000000 908.437500000000 1440.934375000000 7.143750000000 263.437500000000 0.034218750000 9.343750000000 0.448608044715
2092.187500000000 1712.270625000000 1002.656250000000 1778.727187500000 5.915625000000 290.156250000000 0.029578125000 9.953125000000 0.499292896592
2612.187500000000 2079.390625000000 822.656250000000 1476.367187500000 7.115625000000 350.156250000000 0.035578125000 11.953125000000 0.402722515206
2872.187500000000 1528.710625000000 732.656250000000 1627.547187500000 6.515625000000 260.156250000000 0.032578125000 8.953125000000 0.488125275400
2352.187500000000 1895.830625000000 912.656250000000 1325.187187500000 5.315625000000 320.156250000000 0.026578125000 10.953125000000 0.408908825791
2482.187500000000 1620.490625000000 867.656250000000 1703.137187500000 6.215625000000 305.156250000000 0.028078125000 11.453125000000 0.536352673671
3002.187500000000 1987.610625000000 1047.656250000000 1400.777187500000 5.015625000000 245.156250000000 0.034078125000 9.453125000000 0.360051756474
2742.187500000000 1804.050625000000 957.656250000000 1551.957187500000 5.615625000000 335.156250000000 0.031078125000 10.453125000000 0.365924460023
2222.187500000000 2171.170625000000 777.656250000000 1249.597187500000 6.815625000000 275.156250000000 0.025078125000 8.453125000000 0.373508345413
2287.187500000000 1482.820625000000 935.156250000000 1362.982187500000 6.965625000000 282.656250000000 0.028828125000 10.203125000000 0.464837156705
2807.187500000000 1849.940625000000 755.156250000000 1665.342187500000 5.765625000000 342.656250000000 0.034828125000 8.203125000000 0.327057229370
3067.187500000000 1666.380625000000 845.156250000000 1211.802187500000 5.165625000000 252.656250000000 0.031828125000 11.203125000000 0.452497676514
2547.187500000000 2033.500625000000 1025.156250000000 1514.162187500000 6.365625000000 312.656250000000 0.025828125000 9.203125000000 0.327039232206
2417.187500000000 1758.160625000000 800.156250000000 1438.572187500000 4.865625000000 327.656250000000 0.027328125000 8.703125000000 0.366809372701
2937.187500000000 2125.280625000000 980.156250000000 1740.932187500000 6.065625000000 267.656250000000 0.033328125000 10.703125000000 0.431897955704
2677.187500000000 1574.600625000000 1070.156250000000 1287.392187500000 6.665625000000 357.656250000000 0.030328125000 9.703125000000 0.277728335729
2157.187500000000 1941.720625000000 890.156250000000 1589.752187500000 5.465625000000 297.656250000000 0.024328125000 11.703125000000 0.541320796657
2189.687500000000 1597.545625000000 743.906250000000 1570.854687500000 5.390625000000 263.906250000000 0.035953125000 10.578125000000 0.631739610112
2709.687500000000 1964.665625000000 923.906250000000 1268.494687500000 6.590625000000 323.906250000000 0.029953125000 8.578125000000 0.273667332121
2969.687500000000 1781.105625000000 1013.906250000000 1722.034687500000 7.190625000000 293.906250000000 0.026953125000 11.578125000000 0.441718576258
2449.687500000000 2148.225625000000 833.906250000000 1419.674687500000 5.990625000000 353.906250000000 0.032953125000 9.578125000000 0.324265577131
2579.687500000000 1689.325625000000 968.906250000000 1646.444687500000 6.890625000000 338.906250000000 0.034453125000 8.078125000000 0.301799848312
3099.687500000000 2056.445625000000 788.906250000000 1344.084687500000 5.690625000000 278.906250000000 0.028453125000 10.078125000000 0.385363591083
2839.687500000000 1505.765625000000 878.906250000000 1797.624687499999 5.090625000000 308.906250000000 0.025453125000 9.078125000000 0.421221135034
2319.687500000000 1872.885625000000 1058.906250000000 1495.264687500000 6.290625000000 248.906250000000 0.031453125000 11.078125000000 0.504217622135
2254.687500000000 1826.995625000000 811.406250000000 1306.289687500000 6.440625000000 241.406250000000 0.035203125000 9.328125000000 0.485967147912
2774.687500000000 2194.115625000000 991.406250000000 1608.649687500000 5.240625000000 301.406250000000 0.029203125000 11.328125000000 0.405019471514
3034.687500000000 1643.435625000000 901.406250000000 1457.469687500000 5.840625000000 271.406250000000 0.026203125000 8.328125000000 0.349321103266
2514.687500000000 2010.555625000000 721.406250000000 1759.829687500000 7.040625000000 331.406250000000 0.032203125000 10.328125000000 0.447310979378
2384.687500000000 1551.655625000000 1036.406250000000 1230.699687500000 5.540625000000 346.406250000000 0.033703125000 11.828125000000 0.376941638783
2904.687500000000 1918.775625000000 856.406250000000 1533.059687500000 6.740625000000 286.406250000000 0.027703125000 9.828125000000 0.397716653628
2644.687500000000 1735.215625000000 766.406250000000 1381.879687500000 6.140625000000 316.406250000000 0.024703125000 10.828125000000 0.446412316809
2124.687500000000 2102.335625000000 946.406250000000 1684.239687500000 4.940625000000 256.406250000000 0.030703125000 8.828125000000 0.456156783387
2140.937500000000 1517.238125000000 839.531250000000 1448.020937500000 6.628125000000 337.031250000000 0.026390625000 11.265625000000 0.502694713187
