7.832573702885 242.355688572138
12.973503411383 106.344907181176
4.512938352695 166.359878883787
9.291947493511 213.467372332258
9.161729666508 246.312803847900
7.383986320059 53.961140934901
8.349481923289 303.123434131279
17.216820966205 340.157615217617
16.574876302287 143.094759563046
8.021694367989 296.685600209834
3.298129669386 68.265598701260
12.651803855466 384.765860439459
13.200460968174 146.068585155213
13.019612796559 278.911083586738
10.273077693781 361.782514319277
3.962949545416 78.706821473582
8.618534053463 338.152492806679
9.181654345174 306.554808325330
8.273204661213 370.389982590723
17.380071759971 396.905161698413
8.512120772517 149.908875653865
12.677329364059 393.892017802809
16.337148956304 196.839750189327
17.324387049098 208.445378097591
8.210859279717 327.734703521212
3.423422594029 122.591298428012
12.027254189998 349.896207180960
4.022609748327 332.707992644227
14.951726615751 305.961163531051
18.907385486580 67.476840265714
3.341391719185 75.480470066897
19.151928292464 89.201220732214
13.000601796987 152.495080026460
13.848010604569 398.072482425215
19.055668944461 223.139455857297
10.121392725969 116.704597264755
12.662878059201 324.205777673335
9.269101441453 296.689706089819
4.145766018400 119.771058338576
2.675594206799 248.083810611890
3.475053328712 247.530696265332
11.748021575649 58.088474185178
13.784240612987 108.749822464556
6.017273018584 383.118104327952
5.736430035403 306.369897122778
19.728631854215 314.968843884690
3.183269881897 363.427692880179
17.186286395280 217.299685569558
18.641356873390 144.527294006219
16.617660437627 234.280607891994
3.426311851841 167.697607937081
6.448271908663 142.850250962326
16.576927174264 347.268814089427
17.463658543432 113.390203572856
4.285435586470 72.485396418357
13.462408478519 123.657336050397
5.975515258006 201.715384708492
5.790490211415 136.375314736921
12.301148606999 71.850087055454
5.392768788389 205.640770242533
9.838024663591 181.105861897048
2.481705588454 128.078017427239
8.689111977127 253.229406873111
8.509448100488 99.187706984909
11.942350397179 151.453993739971
10.276028262505 325.370903776692
19.386093113196 390.491412521600
16.721487349838 53.901670881474
2.803843386906 366.925314897623
12.162800604573 322.762072953016
13.338362180008 70.680891981107
10.492611293452 143.237282556009
12.624337671606 280.702523574100
11.571614083087 270.973466284153
7.230113429664 242.732368323641
18.721004215144 351.772598370806
15.186050568809 158.768732080073
6.873940448780 274.990293807402
17.429979182608 331.884240767732
6.962050983164 271.264307530807
11.049321214850 272.757929252278
13.388776041129 67.808556590383
9.407838881765 278.385999603961
16.452548170953 202.306091294653
6.464120799315 278.912589598636
7.030562885628 79.913828326651
16.390079206425 170.065444837465
10.944356039567 219.785431379954
14.347188711904 352.900064666605
9.805065600207 114.502895850039
17.578414862718 204.889966633097
4.373085168174 381.987190166020
17.268186564330 152.382564167540
3.828114719070 253.089621140167
3.322644774236 201.613904096124
12.224974445343 362.870640841013
2.888221091482 218.109356649130
12.841647130299 168.627833921735
18.122991809557 86.685834866664
10.719989054033 321.696876873666
5.840098751297 191.145800204770
6.754275079177 268.331536795263
9.320601232296 199.830779751410
4.028952607199 192.552866906360
2.619025943135 126.781037114282
11.998184488098 159.534363560492
6.934251583454 103.839861891756
12.398043537345 173.364333720777
15.450514866639 68.042850727833
15.990916220044 314.053872956432
14.649146759474 78.225021508209
11.346234405115 163.038516897727
3.810311625180 92.616855674349
4.024907566754 123.840533326296
5.615834721674 312.548114994723
11.737997296677 213.326187579888
6.232624633363 218.367604561506
10.935008116872 266.583560347292
19.550498248053 200.034396291836
13.940340159684 177.735900471171
15.413004596542 151.664112277463
7.333819273083 118.716097789808
18.753541571029 225.677725453665
18.182896526725 330.221122465927
12.294874437610 187.579146815400
19.961180523458 142.471748410324
8.278267698993 228.151224157492
9.442359969447 66.226734405682
5.244438824813 153.547656650970
16.306071337749 277.700069750964
13.867357356902 319.041734304733
7.837824807780 399.252795234333
9.655323479207 94.337530347898
15.442307729467 170.340015228608
13.690708608017 71.886728254706
4.393999254552 243.058436169559
18.743078171247 179.208801822002
7.122673157200 232.604286528368
15.071213364646 274.995393127863
6.823721947186 113.372751607866
18.186095923660 344.359423025107
12.558675306053 202.107327371223
15.091241808048 69.271511751869
12.130588395620 139.347848803692
3.150777414268 261.307531783800
17.685869605318 68.179865831767
12.736620316964 177.499687049352
17.039270752729 347.142711722835
11.928537168624 158.304707458364
9.456385508510 244.037231332894
19.222922906173 65.651323374054
4.138868318362 83.077535439388
19.847677173409 321.706337515951
7.085374782424 162.185928031912
15.136745024771 365.738438601505
11.212695770779 117.184588162858
9.143874730616 272.751216957422
17.379474403570 144.003353206261
19.094656498848 161.005507755448
8.721161428609 327.869233758413
14.551766688403 59.125678779873
17.158193724309 343.809284151099
2.187833922163 332.256294531865
3.884883637530 281.849909889803
11.285474838049 79.397058294018
14.688760493073 307.906065858261
3.418931988024 351.220606314539
2.177120488901 226.122450849628
15.777886312390 296.205469143137
19.967504834732 291.996672637664
10.826161222943 245.460885245561
7.326859577464 73.084512380736
18.446370255063 210.210695163104
4.993336423099 358.235494053937
12.540223559821 95.223645004987
8.493464870710 390.955063566358
5.658130501209 292.486452246013
2.825367919608 164.317101824402
2.184329541441 238.432826043254
19.874981436572 108.901367384559
15.897306909793 366.591945514786
10.904597033972 280.542937997036
10.773115891001 112.912611819492
12.939645434560 118.441217286133
19.676777885992 141.392497124700
14.049847409140 150.671390176979
12.341333868697 95.391580532730
7.591392482571 62.649746622361
3.853765878766 230.369471252151
12.498844791194 51.094945832264
4.978230469290 372.094469658966
3.638044946740 384.712583353671
19.811468554126 88.647467613803
18.105776566970 173.638075121767
14.939082967751 270.686164120273
9.094070505842 385.784979721431
8.643932717368 293.503010468274
14.299875003247 386.711726591723
15.685138916972 285.063552762995
18.638360872935 308.061997778865
18.944592860808 219.366419549066
9.650914547570 273.985993884927
8.169025047186 199.530320394456
15.536064690241 92.360491941797
9.444690950162 295.298269538977
11.071338655739 205.885047717188
6.564239664481 52.876649839480
14.375401029522 295.472852336372
16.691108442895 296.666640935520
11.614783647750 108.224122289260
11.982173349141 178.517405907399
18.843573275601 222.174592367397
3.262490116694 303.301242314981
7.565702552138 304.367776975958
13.847807259262 93.329093255574
14.680861033057 385.717202957985
16.922776274649 79.771142209427
11.235652409171 97.505144988191
11.710841964641 311.646082976431
7.550488621277 188.902364247264
18.744689682224 73.374178950732
7.502366239687 119.908535423101
19.059314751114 64.896358791221
18.158567440206 381.042257701716
19.760960384917 263.778171694824
16.685372407088 202.914150267381
13.538022643419 297.411299093193
8.293212977770 305.539883010513
4.326297504443 353.624658793417
4.348891674662 81.701275489596
14.887228410888 84.149217284474
2.178407711322 239.302124184791
7.598948787676 276.588811410779
11.825273646666 247.446514840790
12.454396187066 375.215211500201
12.131349656716 378.873741015288
3.168831842197 184.066074317972
6.195488792451 97.270652572796
8.885267514706 191.178525837779
8.768836005881 119.997208165162
16.293567117219 282.040500656813
17.986829777055 98.499411646320
16.693042421731 394.634710064460
3.550010000100 100.314629114387
17.721826466654 53.298969407338
14.196536981408 191.369776855678
4.272769547646 145.402156682781
16.865978524734 357.724409755809
6.933477407667 192.336945573880
9.747997926589 283.182565229553
3.551198561569 221.331589088265
17.440279005144 72.804608077682
14.878801891267 193.248788758513
9.693488985831 109.822776609548
11.771250150134 324.745516177714
5.358431840954 188.088702282666
3.129744737052 294.821417521545
7.878367286598 92.174378445193
11.977001801498 111.309516552579
6.072828454346 130.505518665042
7.435738191682 171.617464879989
14.802911623013 386.285022505592
3.463692449794 352.680689096284
14.884984085402 122.640577767193
6.544077116650 385.198602510960
17.539244903013 209.885340081237
6.495158084348 364.018762393046
13.908928658456 323.348552653953
4.322712101112 279.191598575981
4.740105350154 213.062653693047
18.851821236083 135.710494741075
19.663200022976 204.736371374243
15.871642528724 71.859331908741
12.955553650426 359.280992385965
7.387665094270 394.880238584620
5.900130730860 151.821529178689
19.547860642475 190.606258287334
17.521344256265 105.015589898408
16.736766425546 174.886952359641
19.871320899537 197.176065726033
17.696887299272 219.469181197190
2.856416806238 225.690010090517
19.416590092453 368.558836828126
11.047417667351 275.268835707218
4.693976463482 162.179010559280
19.909355523964 322.009468950753
12.685965875047 259.513589403479
8.148339996701 76.988379638174
17.986081456400 278.266455283187
16.384188438738 222.722597750177
2.797838941908 230.240820144087
17.551720006240 150.887506095312
15.796250208470 230.471847815237
8.887730894142 324.075662604903
12.363290460745 234.326070407196
11.763840644283 290.219788002086
5.047839091184 273.787721347963
16.889000791381 151.366058380242
6.008398418597 254.192455500870
18.280285927369 129.239999865978
5.396674955762 226.233431257584
6.810117072207 188.467224557520
9.917939717974 363.484768362737
14.806880264256 211.338841153603
6.386550007126 202.247196433005
15.622540116920 232.235880045798
13.022988755214 360.880749978769
11.914601585315 249.836090857053
10.763800886766 89.489493338999
10.355482702959 100.228740436948
8.655420862819 297.825566458061
6.509221664895 133.903140756538
5.494456228482 289.835670132866
11.851444001422 302.209719956908
12.784451272566 234.672268570578
5.914122082292 321.073322271268
2.080087934391 171.661831041143
16.176144565128 332.014885768131
5.557615407635 138.562763491969
12.406946363369 220.472831004122
9.979924271614 235.097637793804
12.306226256515 94.932061928227
18.484519197779 162.124813842752
17.185393171399 282.536920346590
15.918639411621 63.568401813759
8.894206310713 171.976561866922
2.690369689880 292.660378461205
4.034363036937 194.941517511887
10.849550967511 371.920442583569
14.397630832607 163.297686434135
2.740455547378 330.508275640150
15.581360318724 371.762513841746
19.659551780250 221.555620332994
15.330735267112 295.204471781302
10.618001861701 225.437671146724
6.071137239352 375.636654877640
3.829474950213 227.913039504367
17.427723966824 336.676496349592
4.979001462704 286.558210536141
18.373343474817 84.651756323474
6.932929504951 107.693261990442
17.916231175966 320.806084070991
2.089079600523 325.900293641710
7.037574439973 57.705838426413
7.997280297177 177.554923737869
7.442066176702 225.070317416625
14.422345471867 176.468916025591
8.708446547360 69.811626357718
14.677816083244 254.300552252866
17.868746823608 279.716543858528
10.189160777205 334.209993699005
6.458150368523 121.153151975353
14.437696613441 106.180282883169
16.744992260500 81.990869200480
8.042552920331 166.796882408841
11.997921339254 198.096348738813
19.197467954396 145.329774522955
18.965595758273 116.512968207401
2.261769838225 214.900745941377
9.162572777477 374.994652642038
8.590639873054 117.052919031697
2.113796171525 288.691805616945
12.672418353688 360.441158164390
3.786826450307 334.788563412868
6.860796904561 307.148008297708
4.930094534592 202.172490452102
12.623794482941 191.922818531506
13.376585192636 103.627173785398
16.522176779980 105.490162924914
11.889320404611 344.906044628200
5.397078741385 232.053333605173
16.824544996043 92.366978404359
5.598764045735 245.711855094642
12.790226931624 396.441876299526
5.337901728081 387.461637404261
19.133423948903 57.794641661472
15.438971304717 215.302690635253
11.966466778047 61.143466674984
5.210160853717 167.370400207377
10.031388803901 126.307407753856
13.900826504455 315.085963453666
6.915354139641 241.435333082342
7.589511473689 180.829702778421
7.289787474938 254.549683434555
16.834116251553 195.039670832473
5.443583988389 104.194648006660
10.095702979954 201.014794157716
15.282186102832 150.179928122578
16.677054688884 304.341525334697
13.030717458711 117.222423941752
8.692281906656 78.563028019247
10.941911752151 318.252022288761
12.942440594117 399.409440429793
4.025662681973 254.499204862689
12.801980917695 113.616251669534
15.020546379936 109.122844981365
7.167932416846 329.210807436852
7.438905381068 301.603303646367
2.012065292417 143.599523083268
17.510334901390 321.111740862923
7.908104185098 340.937482790554
11.779796519918 262.948102987103
16.577804717357 94.048122544181
7.790913990288 265.834373952950
9.814872863215 160.910817481393
19.363138039384 311.988348841237
10.745358860798 333.696730540815
8.090175061318 232.405772573900
4.787120802354 313.555091372291
7.157576607658 199.540284214243
9.537290838987 271.457909972994
19.668605277225 253.768575158244
5.945727652823 57.739697583896
7.515532157640 350.008848972174
12.881873717476 318.562476801104
16.756726175735 127.782219945994
8.497431020182 135.373564581996
15.915977639713 74.249913418028
10.939759974658 189.104681586206
5.630666955633 138.904067674474
19.370292227600 201.249389316913
11.134532247122 290.624460630525
11.285782306069 80.527039357304
6.759527321838 366.309516674890
3.679466526710 391.258428728834
17.338763294610 118.411937677306
3.919880206100 67.180964447195
11.113061595714 109.118777196864
17.892575323805 389.935963519117
2.594467898039 119.132427922536
4.643759652854 92.095266049114
2.677683541287 134.702715947323
12.851275798011 185.193047293783
3.021100598345 260.341552213554
12.111818842311 354.486388824314
13.006304083810 340.200736093941
6.438654736217 255.832343749117
2.675545190141 391.472281283210
12.116561040691 207.025701565424
8.796789734660 122.228103157132
2.050357056170 384.581097028327
17.153414995022 192.402886554071
13.854259399349 208.180882546555
14.914346643133 296.172759579144
2.141483018098 115.116134039900
3.434770468440 125.791793397229
13.456234800051 237.862207601956
2.960372230456 198.869064317349
6.421706201312 51.973883000848
7.125063788294 143.346666320119
11.873890841516 116.237640907606
4.284886857938 290.961229963101
6.307063452565 200.318918364997
10.222564088738 112.722992904485
15.933841342090 381.466450891266
17.233810000816 218.161357254467
7.779790409077 182.618794443263
15.382389610688 363.627502826868
10.320696547050 370.309241540392
17.246007812029 217.625837537171
18.204588044312 287.519303215931
14.915294244906 78.821764496936
16.164012544789 378.384192531314
19.763327852198 343.624731957587
16.152626124581 209.606699458792
19.237407716538 158.768784221704
10.346853291227 159.821164117867
13.919005877115 367.814463277351
5.409800001680 58.549429281079
15.705623642581 178.855331367868
2.907363481059 394.491372064022
7.263815249434 98.767233474076
5.862732625303 80.585373768996
8.289742885473 80.934902600051
9.493434623318 342.057420744598
9.578469121581 101.646833279715
17.125237545270 211.888322693663
3.428762145719 298.540617501699
13.676073335592 188.597572549808
13.416539825067 207.392751744014
8.549659778992 214.292817468772
10.308648484836 178.127232060616
6.529000910352 110.547164275815
14.935959128930 81.299264531072
15.717741118305 311.912667892159
17.472396548132 78.724783572515
6.536774333067 128.554799266317
14.596326867429 74.365050985489
14.552381694647 228.602214900826
19.859480418437 84.747031335846
7.514105217230 360.464942358869
9.198548359213 399.727685637301
8.943573097628 162.167226248140
15.775977228221 172.665167828121
14.750151766364 333.786169781395
8.510791805926 145.009136154759
16.349270420668 307.446371949873
11.488416121342 296.595728048434
2.794271801697 347.594091812349
15.024075394612 317.857712847251
9.904601092233 209.546114708789
16.922178267899 392.282076569235
17.422120607919 283.622054078829
19.099462785987 154.505574390981
14.843528113599 326.827073876104
10.047440891722 333.802684869815
2.970559417987 247.223435780328
18.547840758210 386.797615553180
19.151731738791 66.835695933801
3.082041321700 389.212723872660
12.226276681341 168.728373949511
12.568358865743 374.448511877243
3.738466749192 147.706400495226
7.224202737207 313.941170590957
9.499086542536 391.411865287804
18.908342434012 362.559702995029
6.914623365047 83.193915814277
7.611433297842 209.070251116142
12.342207266499 220.324174425249
18.991808373302 131.418649217995
5.065056757683 55.759161100649
10.400992308500 133.999234152840
4.124604904552 384.376829777255
7.908035236498 101.518533649394
16.430803591389 233.977450298546
2.061242454178 179.788134481817
12.424942000638 389.985967871325
5.694086271868 315.168824821882
5.251026792128 363.053490778915
11.450446158095 235.059522897724
11.165542946547 101.844084026862
10.247727065048 333.503046510078
11.059355379629 153.035528528440
14.575237473707 198.410512789733
9.118527512648 51.982829606226
13.226975629442 350.587640890212
5.122483406819 281.420131848446
19.541791969270 238.692282631085
10.729983155800 253.528308775594
12.632658664607 136.642295284846
12.565398988544 59.744226429284
3.930521248317 136.313073886868
19.243005819409 188.498533055000
10.950932078401 154.944846944062
17.048433422335 120.194573473185
5.127111231908 122.525989006921
12.255230709481 198.700194349512
9.292696344134 295.318811808365
12.130518463068 97.033714014806
13.474965996983 398.380738619379
4.851848514667 344.107286355507
15.872730776099 170.829002435427
9.414772975645 332.209189222707
8.181368893134 180.441878423122
9.379041026599 248.413831294911
8.389444247242 122.163902843954
17.381181540585 103.949343234033
15.368679357660 84.590265097473
11.592821899146 261.339738230289
16.956401426016 117.171145463159
9.288177832965 368.039386399545
8.227335036901 245.197763252615
18.459500422687 112.897420775556
11.212027776278 77.193379095762
12.239524587767 192.298623403000
18.423133484754 389.811258219448
18.317752076032 266.851274591969
15.640716490340 392.599870937142
8.145185902601 53.051833937097
15.013439722756 55.899260090045
16.344325891484 198.746078532712
15.160521615987 346.684664626980
7.400097174113 105.044538889025
10.950518748594 339.247161614141
17.891395119137 82.883126661855
16.431400071193 100.833627163836
12.302884946442 292.822270434494
7.694672949457 81.314478347073
10.246294770750 69.523057981610
10.606254042859 147.983977835583
17.341624000726 301.117115411339
14.793818029001 376.674663313869
11.896574736019 398.813266164831
11.030839785500 366.591860471118
14.168816964872 338.374619296575
3.917666123472 64.333937952876
13.438278991686 98.330290536912
6.930754487145 152.382665159873
7.740995032379 165.492900360015
17.744805242816 88.811643534848
5.249357346643 343.814758044119
18.649558959715 289.858493543517
13.558271607303 108.509715147555
8.698235800878 337.136399865069
8.823152197110 299.875160288942
3.448609125142 179.764461881516
5.209637183968 60.322762249550
18.155928099108 355.288841503748
13.855729493459 355.251841347969
13.262344554763 206.185768435543
15.989537894714 325.460774925087
11.011224773300 275.616244104188
18.821560060808 87.995675184485
13.955907984202 169.892066841127
6.927753451376 217.515462853721
2.271765080216 179.836865402442
3.042753898235 346.326176329305
14.981785721171 282.868413201662
7.194692030927 108.191433307137
3.962237321365 396.312505239087
11.314956026610 395.718008427525
6.358562689840 255.777890493350
9.762151651315 292.005144832579
17.017109120885 206.142714331226
10.776547761143 141.853210688804
10.475861794000 227.990858711171
8.821182951765 339.628773075752
10.001788648077 263.709938170224
8.427100620012 297.630746299418
10.690655717149 331.423388418438
14.353574890248 79.157625031126
15.400479925566 275.974095133992
4.715742577778 51.007448306438
13.974162266876 121.492335458873
16.333953537972 118.781851801137
8.056943992375 300.727191941685
8.113649893124 101.297767836120
3.197489070501 63.718322985588
4.340208260554 173.464775082492
17.942668908716 217.701754189371
18.807841189471 261.592387149503
4.364430444415 242.740246364463
14.649830503115 376.029671769983
18.670216708961 378.453334479891
9.394627672830 144.423273917172
11.102826157748 181.791662785712
9.074545049507 398.170968590181
16.847695006268 282.899170373187
19.574268277510 192.185392514176
4.170817773077 211.247984271982
16.490403935006 265.923160702193
5.512112376017 61.785542339130
17.681275820482 346.255767688029
4.408571248335 267.684457665210
15.736480081600 202.144910451333
5.610001575556 98.399843766801
7.862932851909 308.673018644468
3.851177628489 356.927119963494
12.333114494732 290.118130948935
13.961305191412 388.787024687401
18.837325051543 192.216366165761
3.151221560085 236.279514743071
9.634678489437 267.503054885144
6.146221666384 392.817744828725
9.904065893799 261.172950063408
2.428311844842 394.920341737877
10.522594917825 332.682041591123
17.793612171578 183.419720960759
19.977121192663 375.821627442284
14.383924523388 131.950657260696
19.888767561021 368.530772295269
19.781847227098 105.846503298472
18.495820100872 367.101523973727
16.459261751236 257.488741068272
17.004821571788 275.783101163799
4.048588159656 72.812814575710
6.352833489334 63.797370408751
2.081000732148 370.269933566498
11.665406304098 336.520832713489
4.188800835366 157.720779494732
16.523945933177 69.934143427775
15.181396400774 153.258326334223
18.187160325860 392.042675688817
19.852088540153 202.871320723953
15.334560740734 161.968972726418
3.367116134171 245.449396145120
3.444600179166 83.010598861289
9.764495675870 241.185780919324
6.689189965870 376.079061992877
6.501387472885 99.392450544751
13.226228189588 302.046539911631
15.003826016399 263.281310942888
14.043073727994 93.999512196348
10.321883602384 287.371015150389
15.602492833710 75.760418568578
16.865276144809 276.962180252989
4.560938807611 352.761681199152
19.169909021216 253.662433820809
12.911983859441 171.626287619451
17.702727908338 232.621078356029
8.209430636928 64.630416304510
8.976117937304 178.385608737437
8.800826459825 133.649347807856
4.969482224318 289.019083335676
10.591719779360 156.370198841610
13.461413396139 196.638646162334
19.495385740378 335.750137481983
6.359014201551 344.612220352394
10.596159652037 398.889216344489
3.841903063622 336.294681820244
11.361533980859 92.321306823359
13.693651574881 395.166099612066
4.256387926732 203.062474609358
11.960324759583 338.689525356865
15.467755966000 84.766274425715
11.135850772799 312.722110401247
9.948071824335 97.419085226289
18.453610994279 67.760039115022
13.374301430134 294.655959742043
11.442833888901 226.698302904294
12.285346906122 213.563477504711
13.059649104012 316.136207745981
11.733186697743 229.445841110121
17.575527251987 195.514279033051
7.415326948998 133.496732487992
10.165883295761 222.121815636597
2.953032468296 197.987818025444
9.930224488598 227.067646385830
15.593325301105 135.690914038468
18.102312284261 344.415428057499
12.729232637335 172.274185285474
3.438185532952 317.180507955572
14.638225871536 171.280784467231
14.690962068490 65.881253090545
4.304257996190 292.373596912329
3.461247042845 321.480057422715
15.969111091983 199.419511785170
10.279998161112 397.747859624946
9.436702142971 362.352325143562
9.882019404601 300.650113600987
12.655459134859 191.137990753695
17.424571493839 228.806193624136
19.594318039743 142.504208840473
19.277765398898 299.862947652754
14.273194097985 207.242130741707
6.051885588579 339.268192765973
7.953606963233 148.057452790382
15.228137770215 167.609522165388
12.249048944233 180.354737682236
3.045915304697 56.523824113666
16.677681097901 264.112156256937
11.656496680375 77.293461623042
15.306654445979 391.638984659686
8.696144250163 244.700780182242
12.523215245022 380.944684538136
17.307985602466 386.745363797477
11.920586133689 213.088759302233
3.625680971954 117.051929104185
11.437154042645 132.431302138269
7.984716294191 396.606446244343
9.343948354641 298.247569589902
12.751231638795 113.320799091400
9.611171933324 338.360072005344
15.748043847152 130.324239963105
13.195004462798 316.172893905284
5.383512780376 165.001173044171
5.538568561630 230.824017876292
7.347917353903 389.731844724219
8.053726585386 272.291210380192
5.435404282246 130.191267377789
8.807049153968 272.009797893216
11.870636594459 343.738866473924
7.627022318068 188.233543245858
11.252769180949 324.163236915924
13.143629945783 237.800387696533
14.154571645309 269.174679389065
10.004713362797 77.204932416766
8.080611105730 195.912301680305
12.375538618883 311.413066117973
19.946742168009 324.875973988522
12.880366957667 234.223347223811
3.968577127060 90.474093935927
7.292193211431 133.121343919283
2.238018331570 312.824008388386
7.043618815595 137.142504586319
12.798422132047 372.937766084817
19.215188034952 262.036138512103
17.920685289377 272.609189375455
3.764807539736 50.572875039504
19.200174992930 338.899712851749
14.386449848307 227.284095261776
16.204392882206 124.701212211787
14.596834825490 182.437094149853
11.587626729905 291.245516376018
17.752414612547 82.352417518253
4.608467378700 277.991062654131
3.699466634570 140.820598146686
3.812820303611 366.591616052487
2.490895007144 161.006107112758
7.602270354983 372.345405541936
2.327233072234 315.120216220027
3.751787773760 222.620459415515
14.257715801301 106.056825473991
14.321713449819 131.773476937337
4.997707931996 70.551918742400
6.025626449868 327.575603335570
17.828100224460 352.047665810808
19.253441373655 341.649114984863
13.533214131410 137.826398706662
5.969296677447 365.943470248388
3.781619716234 339.174292816549
13.724593230032 118.198662245911
15.715645539446 228.177258324044
16.865973176193 164.872728805206
10.053000909780 361.140705880700
15.105304210570 211.199606047924
14.424200920676 90.611560341613
4.778439750605 254.123575102660
6.766480493586 110.490577726926
3.559530074554 307.834568378055
9.466739478420 64.586028169400
7.032499386682 226.955810824340
8.940264086679 324.929980996648
19.534181734418 203.054987979364
3.466498961694 376.783626317717
4.763464029509 325.471570809409
8.997937018159 296.635087127007
6.173081375358 383.187601956030
14.494031713709 104.288373562786
5.901622198443 315.188023934169
16.637553075114 69.558991560744
6.325778284538 339.341445356963
17.002821038536 170.153537920582
18.975326836499 76.660340735132
6.948265339291 365.579213159030
10.820723859547 53.143421953133
11.689414168182 130.649206070048
13.367292557695 149.987514150891
4.412247166438 232.772385987861
14.393880136526 203.798379073713
2.254568528240 299.607550755198
10.456941566668 229.683347236615
3.866790370173 240.953489487077
13.923962121164 239.618480374030
13.610934231317 285.692658793136
19.449517775552 399.200256650738
19.431949625944 232.135607200831
19.591393153541 84.641990333888
5.794587260802 118.354687381865
15.515270155786 72.354027802722
10.778578596147 348.646269442164
15.233151656367 240.229532417561
6.086705127164 264.111423680249
14.350571237887 59.982373733407
19.536291133042 280.593566173650
8.427623655821 149.664116656636
15.889933522672 189.584205501402
7.462693991949 58.451943887102
14.193601298752 249.825186375936
9.629854287067 335.493241700489
17.877473771655 234.540420851457
14.432975141143 133.337574041978
15.391098807086 187.546124108402
13.957129731811 77.685739294641
15.592436291432 255.886989658688
15.237603869876 323.629407239416
6.641767573096 191.301638256704
9.730768242769 149.925534612331
18.897903334630 58.353946879910
15.363521437328 388.058719965553
11.506326207017 67.903718687085
7.659834207353 162.974773382071
2.880884119864 133.097955568104
14.183214642293 194.454339342041
5.129645015627 82.061222399855
14.507185603617 223.205271066680
16.498981414762 399.590162176470
13.684133259527 172.146565061371
15.456055328605 75.188155894876
6.760269293434 359.774628692842
19.664505270267 53.728019613916
9.079873788881 235.653226497192
12.034147131622 347.889557020041
12.474816577962 238.702618384683
11.847244518325 113.144098220901
14.086317827384 346.970990398012
18.042491544270 227.764819928598
15.562528464729 155.184635833892
10.151365700713 100.097519704005
13.013874739859 131.765414118836
10.298603831710 206.791491530911
8.634996786269 132.721980686299
3.891578653131 359.484502473648
14.993431631329 72.941809023647
10.487285959724 219.098004088434
8.617423079527 61.384326441905
7.335051508792 218.952115058952
14.046027866388 279.089408581094
6.228780417574 101.855961839785
2.425302652824 84.624438633999
4.250973877293 308.801025664052
4.289879745932 307.129242758420
2.227413737223 167.461720492738
16.565865892331 267.552373369181
19.321481147369 156.186611742389
11.409823311474 224.499945485929
17.735040768425 334.198282355306
13.695362675086 76.270688446029
2.766608791096 67.807532976281
8.411690759315 199.733896072948
18.992364053915 339.959582115081
10.450484672529 166.255876343455
19.365395034454 218.123464719622
7.670109785677 280.241947497143
18.655398696860 384.898749309106
10.033175058917 231.453724694855
6.323300649252 203.081207410351
16.660140389758 146.424902154776
18.056129075530 347.828149990733
17.680941160693 239.980930370802
5.497666822177 297.606353573150
19.865008041720 242.749274545921
10.736371242334 294.964542127321
15.270167638710 322.381435791390
17.596636412898 142.365849666943
2.459486206409 350.969494610684
19.705842577389 283.957580442045
7.029233114415 63.443004565532
4.867321325253 247.080012963545
10.904640523016 360.693253032306
4.390492463722 62.283311867729
8.304457155630 192.798086448525
13.815513665361 143.587109719052
15.538793791148 176.720054035001
17.129502316351 232.324816145346
2.714817350052 307.132851264223
8.255907315905 95.181586817267
10.309709154506 228.630106506666
10.049484922729 72.823231666992
17.351212392032 252.217163765229
6.953875024702 246.545193426254
3.820535559936 320.393596047408
13.953155529180 116.148124853689
8.829720771317 183.779973704166
5.477012468287 172.175283792792
2.689109961930 269.419008163308
3.499604692091 181.784486737066
16.049326643461 391.612472627501
14.118073390173 144.534444006634
14.977691407961 164.223748984572
16.628715637030 389.447115270603
8.641227406386 117.332244728898
8.004852685213 159.038018716895
4.545431735105 215.885873126255
6.338289720719 196.593737095434
9.809031646518 243.106720653045
18.646608637962 69.254966753469
5.617204461265 338.930333809300
13.863939902092 235.715526888771
3.771324227958 107.138067366675
4.437810885097 365.012548010893
2.048720062514 317.729455329080
2.926418889567 376.166932013684
10.474925322253 84.518799142651
15.855229377052 188.040850265760
15.939297891107 388.805869457117
12.147452345971 318.387565655072
8.923474710059 365.406065845415
3.164289727715 54.954371134503
4.943820658819 239.804154974023
19.264225564182 234.670816711365
9.465831693542 298.027939490806
18.867652570098 365.260052044781
13.546967167117 82.928646574445
4.868095998178 116.041828878474
12.393993903733 197.042684942005
18.657822685924 162.277593832894
10.111800246421 168.470278165819
15.797504750475 211.744268309409
5.196840643865 380.275893798323
12.956981944411 92.955654731965
4.885380615541 220.375078981644
14.718438147823 341.286930833007
16.617960278817 239.353638284951
19.047477062258 52.341722381926
6.408155201624 261.746756561940
4.640781411561 279.323357285452
5.926592114551 265.760633176549
16.026375926824 274.951113730279
2.079565390658 253.728564164166
9.320606045404 102.519824075087
13.619362283806 241.087779809364
4.347977988450 104.063511434425
3.855973836836 181.354679745031
14.411585580369 217.294171906918
13.808405178248 216.797698882098
11.535893910216 202.521374345000
17.080940639981 287.901793801727
7.554865260420 177.993491983600
2.336596170145 366.001191760911
6.378875494625 56.577075396773
19.696877038418 339.528740935323
3.235891248781 301.285348037412
15.432262220898 321.379522468950
18.850213952695 149.511361589331
10.104810885077 310.840349924219
18.762685446070 101.073969321496
5.407603239002 284.822405171427
4.562385045667 116.083885104231
4.135088576546 229.756504721442
