19.185929648241 150.251256281407 0.299055973678
13.487437185930 319.095477386935 0.175911731205
11.135678391960 176.633165829146 0.306113627736
5.618090452261 292.713567839196 0.210183364413
13.939698492462 150.251256281407 0.325493177254
16.381909547739 101.005025125628 0.413644944995
12.311557788945 162.562814070352 0.318387133647
2.271356783920 81.658291457286 0.722876278782
5.527638190955 118.592964824121 0.484868755837
10.592964824121 139.698492462312 0.375358966823
15.296482412060 120.351758793970 0.373452046701
10.050251256281 356.030150753769 0.167212473384
18.643216080402 297.989949748744 0.169889444299
6.432160804020 97.487437185930 0.557118958194
19.728643216080 187.185929648241 0.247547834427
11.949748743719 370.100502512563 0.157051581233
4.713567839196 187.185929648241 0.321362091860
4.532663316583 345.477386934673 0.172253942270
9.959798994975 81.658291457286 0.561679199181
17.376884422111 306.783919597990 0.169592836983
11.949748743719 382.412060301508 0.153258807072
2.271356783920 183.668341708543 0.339941168679
18.552763819095 359.547738693467 0.145237894796
7.155778894472 357.788944723618 0.170527845535
19.638190954774 363.065326633166 0.141921450292
8.964824120603 341.959798994975 0.176004513664
8.150753768844 224.120603015075 0.263700561231
14.030150753769 65.829145728643 0.555019340353
10.140703517588 111.557788944724 0.452117782390
9.145728643216 303.266331658292 0.196612438665
10.864321608040 238.190954773869 0.238419701718
15.296482412060 313.819095477387 0.172863732645
6.884422110553 396.482412060301 0.147696067458
19.005025125628 246.984924623116 0.197101936669
5.256281407035 178.391959798995 0.337723021604
11.226130653266 79.899497487437 0.544785964793
16.562814070352 224.120603015075 0.222629381145
3.718592964824 238.190954773869 0.260544235803
13.125628140704 129.145728643216 0.373002149325
10.864321608040 319.095477386935 0.178855260436
6.522613065327 285.678391959799 0.207587672158
6.251256281407 243.467336683417 0.249176560630
10.140703517588 231.155778894472 0.247593591661
16.110552763819 292.713567839196 0.180609077749
12.854271356784 139.698492462312 0.353903094746
18.552763819095 348.994974874372 0.149101095911
13.487437185930 99.246231155779 0.444973064342
19.366834170854 153.768844221106 0.293094628013
4.080402010050 83.417085427136 0.671566857308
6.793969849246 176.633165829146 0.333342757772
